0 0 0
0 3 1
3 0 0
3 3 1
1 1 0.055865
1 2 0.44553
2 1 0.0553562
2 2 0.446022
0 1.5 0
1.5 3 1
1.5 0 0
3 1.5 0
0 0.75 0
0.121091 1.04167 0.0141693
0.4375 1.125 0.0553803
0.40625 0.71875 0.0236327
0.304688 0.726562 0.01879
0.203125 0.734375 0.013111
0.3125 0.828125 0.0235775
0 1.125 0
0.75 0 0
0 0.375 0
0.523438 0.914062 0.0426252
0 0.9375 0
0.49292 1.0246 0.0503732
0.669907 1.67805 0.195361
0.432292 0.835938 0.0314755
0.595052 0.738281 0.0324472
0.386719 0.981337 0.0381338
0.529948 0.814236 0.0350897
0.676432 0.873915 0.0456965
0.197791 0.851275 0.0160995
0.25199 0.974795 0.0255674
0.105123 0.788475 0.00782199
0.0997039 0.896242 0.00891356
0.322272 0.917974 0.0288475
0.0926743 0.65964 0.00520282
0.197834 0.584175 0.00913709
0.162556 0.961286 0.0164433
0 0.5625 0
0.595778 1.14688 0.0724226
0.966553 0.607612 0.0276644
0.260796 1.15358 0.0365952
0 1.03125 0
0.21614 1.06617 0.0262828
0 1.3125 0
0.238369 1.40807 0.0515929
0.126092 1.17859 0.018874
0.214167 1.2777 0.037707
0.0345914 1.21875 0.00544798
0.369518 1.26524 0.0609225
0.11811 1.36297 0.024195
0.296525 1.32985 0.0557314
1 1.5 0.170609
0.373723 1.44797 0.0838828
0.136095 1.49789 0.0342902
0 1.40625 0
0.480933 1.35409 0.0894745
0.476266 1.45692 0.1054
0.485048 1.23465 0.0730125
0 1.875 0
0 2.25 0
0.544076 1.53436 0.132964
0 1.6875 0
0.217782 1.63193 0.0673194
0.24767 1.5218 0.0643825
0.389496 1.61941 0.114586
0.0695206 1.59375 0.020642
0.341448 1.53738 0.0894718
0.634484 1.00992 0.0579109
0.816883 0.991705 0.0611546
0.721848 0.962393 0.0559389
0.736866 1.1128 0.0762471
1 1.125 0.08234
0.719741 1.35101 0.11771
0.602653 1.41465 0.117544
1 1.25 0.107666
0.609676 1.27814 0.0933853
0.736207 1.52084 0.159873
0.719845 1.2313 0.0945673
0.856543 1.29128 0.113913
0.638654 1.50645 0.142644
0.794196 0.711026 0.0344027
0.339378 1.07888 0.0406636
0.523262 1.67952 0.162379
0.479012 1.5991 0.132802
0.595955 1.61587 0.162888
0.600537 2.07383 0.320127
0.598493 1.8695 0.240659
0.597398 1.76005 0.204075
0.365404 1.85192 0.152469
0.477473 1.79607 0.178783
0.377416 1.73566 0.132506
0.820454 1.08105 0.0738548
0.336731 1.9863 0.172232
0.700457 0.767269 0.0372792
1 1.375 0.136219
0.833785 1.42567 0.144073
0.907341 1.369 0.133099
1 1.75 0.264413
0.906787 1.03237 0.065931
0.774706 1.62966 0.197807
0.819742 1.18938 0.0922647
0.920697 1.1875 0.0940945
0.54069 0.341471 0.0114799
0.110376 0.46875 0.00398837
0 0.46875 0
0.139904 1.78125 0.055436
0.149205 0.311185 0.00334692
0.0905108 0.380288 0.002538
0 0.1875 0
0.375 0 0
0.243518 0.458713 0.00825121
0.240389 0.356803 0.00613023
0.406848 0.537438 0.0159101
0.299998 0.550328 0.0125162
0.278203 0.167275 0.00315815
0.0481523 0.28125 0.000999591
0.263298 1.78262 0.101593
0.199329 1.98674 0.104508
0.200568 1.87505 0.0896168
0 2.0625 0
0.100271 1.92979 0.0493884
0.0385409 1.78125 0.015066
0.126535 1.67931 0.0425652
0.344071 2.28765 0.270329
0.967855 0.80512 0.0399016
0.90764 0.910769 0.0506879
0.799486 0.845607 0.0451075
0.87165 0.775376 0.0390633
0.787861 1.96978 0.343017
0.473482 1.97293 0.228223
0.506182 1.88519 0.214365
0.577905 1.97188 0.270443
0.682571 1.93967 0.29482
0.732152 1.80616 0.254394
0.441441 2.14372 0.27287
0.28893 1.90585 0.132826
0.411967 2.04979 0.225922
0.283417 2.14171 0.183298
0.268235 2.04965 0.152309
0.143052 2.11758 0.0912477
1 1.875 0.333469
0.448402 2.49098 0.450649
0.361769 2.19472 0.246481
0.0947104 2.02982 0.0528781
0.046033 2.15625 0.0313996
0.792489 1.87691 0.29984
0.831052 1.73663 0.244977
1 1.625 0.212321
0.846924 1.53675 0.175553
0.919944 1.6875 0.233503
0.900681 1.9375 0.361988
0.899472 1.82541 0.295953
0.75 3 1
0.553773 2.1834 0.345195
0.766934 2.20961 0.452787
0.664137 2.16574 0.388056
0.716335 2.06166 0.360698
0.63955 2.36572 0.479415
0.424149 2.37499 0.364537
0.680709 2.26928 0.446149
0.583929 2.55288 0.572849
0.203918 2.45751 0.224701
0 2.4375 0
0.565641 2.28915 0.401738
0.700328 2.64589 0.691666
0 2.625 0
0.46252 2.26288 0.332722
0.827162 2.38878 0.569998
0.190143 2.34464 0.173031
0.533669 2.41262 0.451468
0.12354 2.25248 0.0978293
0.232628 2.23917 0.175111
0.308265 2.40085 0.292784
0.05991 2.34375 0.0557305
0.102962 2.43728 0.112874
0.128224 2.57323 0.192629
0.0367127 2.53125 0.0504748
0.307837 2.6081 0.426777
0.29696 2.50445 0.342383
0 2.8125 0
0.72354 2.4975 0.595992
0.205933 2.65299 0.352399
0.0446931 2.90625 0.582627
0.375 3 1
0.223473 2.77604 0.52407
0.949168 2.60881 0.735748
0.629717 2.46464 0.534335
0.730509 2.4004 0.539518
0.397466 2.57276 0.471206
0.496053 2.56596 0.534339
0.579847 2.67733 0.670369
0.416161 2.75148 0.660052
0.329466 2.86757 0.769697
0.659062 2.73433 0.749935
0.802394 2.74736 0.79764
0.82416 2.6234 0.713714
1.04798 2.45716 0.674215
0.873893 2.50671 0.653794
0.970205 2.5145 0.685198
1.5 2 0.631078
0.9375 3 1
1.125 3 1
0.998715 2.80831 0.87057
0.806004 2.87986 0.901979
0.890175 2.81127 0.859656
0.900737 2.70452 0.787133
0.946831 2.89736 0.92703
1.06139 2.90447 0.93783
1.28908 2.68756 0.826945
1.3125 3 1
0.84375 3 1
0.1875 3 1
0.0805903 2.71875 0.198503
0.109138 2.8248 0.42435
0.203532 2.88771 0.710709
0.5625 3 1
0.476819 2.66764 0.611646
0.320688 2.7706 0.615513
0.28125 2.95819 0.913157
0.724452 2.80987 0.831514
0.590467 2.85978 0.849474
0.686134 2.9118 0.916239
0.46875 2.9084 0.880005
0.500241 2.81058 0.769826
0.761727 0.461572 0.0194631
0.511004 0.628439 0.0232416
0.542985 0.486728 0.0174213
0.669256 0.594425 0.0253561
0.645262 0.412465 0.015924
0.581185 0.569813 0.0221392
0.707233 0.208671 0.0079576
0.676559 0.5009 0.0204954
0.644591 0.300942 0.0111844
0.5625 0 0
0.779823 0.325352 0.013283
0.608829 0.209263 0.00737459
0.657313 0.0897221 0.00324825
0.76535 0.108593 0.00423907
0.94798 0.417003 0.0180497
0.9375 0 0
1.125 0 0
0.914015 0.283172 0.0119169
0.846288 0.403493 0.0171845
0.869215 0.527474 0.0235032
0.82756 0.198915 0.00808251
0.864334 0.632585 0.0295417
0.774185 0.57573 0.0256398
0.964579 0.144806 0.00604758
0.441197 0.20653 0.00575409
0.84375 0.0421294 0.00169707
1.03125 0.0574034 0.00240471
1.23161 0.27937 0.0116746
1.11068 0.18712 0.00787217
0.877502 0.124843 0.0051091
1.05332 0.319043 0.0135856
1.00036 0.236302 0.00997293
1.13758 0.277246 0.0117062
1.18028 0.469153 0.0198276
1.06536 0.437607 0.0188834
1.14391 0.376541 0.0159625
1.09173 0.566649 0.0246956
0.992348 0.508889 0.0224663
1.06808 0.805925 0.0371606
1.06794 0.705702 0.0319492
1.20193 0.755635 0.0313126
1.3278 0.68778 0.0271511
1.19003 0.566973 0.0239288
1.31828 0.504793 0.0206259
0.390485 0.34807 0.0091879
0.468684 0.415256 0.0129501
0.377479 0.113079 0.002688
0.46875 0.0545112 0.00155426
0.554531 0.117638 0.00386034
0.524336 0.24938 0.00802729
1.3125 0 0
0.310775 0.27231 0.00574593
1.20913 0.183452 0.00767909
0.1875 0 0
0.974937 2.2394 0.548741
1.11314 2.67399 0.801838
1.07018 2.56869 0.736542
1.21259 2.48236 0.718303
1.00861 2.70084 0.803323
1.19564 2.7517 0.854614
1.13526 2.83401 0.89838
1.13844 2.41648 0.674834
1.0479 2.33606 0.616778
0.945712 2.39668 0.614612
1.18609 2.13229 0.58946
1.20725 2.60121 0.774757
1.2612 2.35299 0.672731
1.353 2.24968 0.653889
1.42307 2.82452 0.90411
1.26901 2.86881 0.924901
1.21875 2.95828 0.975572
1.36426 2.91004 0.950001
1.32791 2.7836 0.879929
1.44461 0.438809 0.0177816
1.27366 0.392575 0.0162884
1.5 1 0.0312077
1.50888 0.715794 0.0271312
1.44089 0.585622 0.0231336
1.28442 0.598297 0.0243798
1.76716 0.193247 0.0080984
1.42197 0.678348 0.02622
1.25 1 0.0350851
1.59217 0.589451 0.0234303
1.51839 0.51413 0.0205794
1.57851 0.303135 0.0124544
1.54936 0.409996 0.0166738
1.44262 0.226741 0.00933344
2.25 0 0
1.47171 0.332511 0.0135898
1.34888 0.300223 0.012396
1.72706 0.641462 0.0262762
1.33854 0.190508 0.00789196
1.68241 0.503957 0.0206736
1.42759 0.102308 0.00422683
1.65768 0.382134 0.0157651
1.76558 0.411564 0.0172622
1.85647 0.577 0.0249406
1.75 1 0.0346378
1.27848 0.101684 0.00423446
1.78218 0.51013 0.0214975
1.9152 0.437046 0.0189115
1.875 0 0
1.82014 0.666182 0.0284551
2.05831 0.711221 0.0341513
1.93466 0.712838 0.0326042
1.99828 0.849376 0.0426581
1.62608 0.702429 0.0273507
1.58474 0.860407 0.0306124
1.73744 0.302196 0.0126311
1.89025 0.285348 0.0121289
1.6875 0 0
1.6604 0.222656 0.00924009
2.01305 0.560408 0.0252463
2.30969 0.753775 0.0362266
1.81623 0.839639 0.0355468
1.85126 0.753654 0.0327952
1.72946 0.759535 0.0303979
1.70277 0.875499 0.0325608
1.84965 0.369925 0.0157339
1.90177 0.141651 0.00597998
1.68762 0.112992 0.00470491
1.55634 0.138616 0.00572381
1.78125 0.0563944 0.00236283
2.0625 0 0
1.5327 0.225555 0.00928419
2.12397 0.231764 0.0096264
1.96875 0.0556387 0.00233569
2.07133 0.121689 0.00506194
2.15625 0.0543589 0.00221097
1.99915 0.223825 0.00947003
2.28568 0.169552 0.00650212
2.05264 0.368021 0.0158256
1.94012 0.619273 0.0278035
1.9302 0.525639 0.0230861
2.16718 0.922766 0.0528429
1.48988 0.898341 0.030585
1.625 1 0.0320701
1.90291 0.925789 0.0433871
1.59375 0.0426543 0.00176603
2.18587 0.151389 0.00608817
2.625 0 0
1.95855 0.352018 0.0151208
2.28201 0.401294 0.0162363
2.01283 0.460096 0.0201904
2.15537 0.46708 0.0203401
2.45513 0.802231 0.0351028
2.27231 0.537407 0.0231877
2.38926 0.18542 0.00654645
2.19133 0.656356 0.030805
2.5267 0.487137 0.015845
3 0.75 0
2.09739 0.617294 0.0286488
2.4375 0 0
2.46429 0.259696 0.00850512
2.15655 0.760736 0.0382467
2.36222 0.286664 0.0106181
2.40853 0.557939 0.0219145
2.56629 0.286941 0.00810668
2.30087 0.643886 0.0288694
2.55234 0.13461 0.003739
2.488 0.375473 0.0124265
2.54866 0.6578 0.0226988
2.41974 0.68239 0.0284801
2.38495 0.387948 0.0144767
2.5004 0.577263 0.0204795
2.43475 0.467672 0.0170993
2.34124 0.473918 0.0189801
2.06628 0.92392 0.0510474
2.17317 0.344321 0.0144163
2.2255 0.25441 0.0102338
2.33515 0.919832 0.04984
2.23674 0.83684 0.0440665
2.34375 0.0688029 0.00249972
2.91805 0.46875 0.00293663
2.45305 0.10303 0.00335575
2.53125 0.0363111 0.00105247
2.46533 0.93264 0.0449593
3 1.125 0
2.36499 0.830275 0.0406718
2.39633 1.06224 0.0623909
3 0.375 0
2.6495 0.100138 0.00223028
2.8125 0 0
2.95227 0.65625 0.00267785
2.87451 0.585405 0.00598127
2.65953 0.556796 0.0142813
2.60879 0.799238 0.0271354
2 1.5 0.169345
2.73671 1.11278 0.0342553
3 0.5625 0
2.81396 0.697689 0.0111162
2.53095 0.74883 0.0283238
2.67661 0.686902 0.0183029
2.71028 0.783876 0.0201826
2.74956 0.61115 0.0122279
2.54864 1.03349 0.0479835
2.25262 1.0042 0.0616639
2 1.25 0.10694
2.12548 1.05205 0.0694955
2.25537 1.20431 0.0918413
2 1.125 0.0819179
2.21789 1.10475 0.076794
2.12239 1.19754 0.0955118
2.17892 1.3964 0.136358
2.09888 1.31169 0.120113
2.20207 1.29436 0.112088
2.46538 1.40776 0.106577
2.3232 1.3755 0.118949
2.0717 1.41753 0.146743
2 1.75 0.261682
2.42979 1.23522 0.0830647
2.26663 1.4934 0.1532
2.40838 1.32958 0.100961
2.17117 1.96228 0.355415
2.30231 1.67208 0.200124
2.25012 1.5896 0.182719
2.78215 0.45542 0.00738724
2.53314 0.861728 0.0354327
2.14336 1.52177 0.172421
2.15092 1.71013 0.238222
2.05516 1.61964 0.210945
2.35311 1.16033 0.0781809
2.48876 1.13409 0.0636099
2.80559 0.949377 0.0190393
2.60886 1.27188 0.065174
2.52552 1.22328 0.0702531
2.64778 0.417733 0.0103641
2.76461 0.259562 0.00423523
2.86942 0.343552 0.00326151
2.73621 0.36082 0.00680012
2.9535 0.28125 0.000938238
3 0.1875 0
2.79537 0.131038 0.00184729
2.62853 0.939707 0.0343141
2.62096 1.15537 0.0517901
2.65522 1.04337 0.0387758
2.83151 0.824256 0.0131879
2.89954 0.750323 0.00683465
2.25625 1.80904 0.260023
2.33491 1.75927 0.223082
2.52682 1.63783 0.140147
2.44358 1.71864 0.182054
2.50466 1.98227 0.241658
2.12924 1.83876 0.30347
2.76895 1.65312 0.0740053
2.07356 1.92655 0.370504
3 2.25 0
2.72013 0.888401 0.0240338
2.32152 1.87218 0.267859
1.25 2 0.596318
2.5903 1.7865 0.155609
3 1.875 0
2.13464 2.20376 0.488981
2.65561 1.67072 0.111156
2.63422 1.48591 0.0876905
2.79076 1.54787 0.057864
2.68638 1.57352 0.087612
2.80801 1.44178 0.0442724
2.47137 1.85109 0.212569
2.40708 1.93722 0.26387
2.36182 2.16347 0.37581
2.41154 2.05576 0.30857
2.61154 2.21342 0.268381
2.2727 2.05699 0.364329
2.49267 2.15854 0.312382
2.24582 2.17003 0.428209
2.3215 2.47924 0.565145
2.15341 2.0831 0.422892
2.03105 2.12585 0.492959
2.27052 1.95756 0.320834
2.60221 2.07745 0.227871
2.25 3 1
1.89425 2.2881 0.610608
1.08114 2.2351 0.584996
1.02343 2.12347 0.519052
1.18094 2.27912 0.630131
2.61401 1.96779 0.190153
2.85827 2.23426 0.109158
2.95425 1.59375 0.0136577
1.55197 2.37877 0.700671
2.00857 2.26355 0.564325
1.75 2 0.600975
1.52962 2.49907 0.74698
0.884005 2.13325 0.462899
0.81437 2.0642 0.39974
2.56515 1.88198 0.187658
2.70289 2.14628 0.192894
3 2.625 0
2.71869 2.26348 0.217453
1.7511 2.20173 0.622771
2.68111 2.36449 0.285469
2.76284 2.58988 0.334834
2.76978 1.84057 0.0984446
2.89217 1.50991 0.0279276
2.7255 1.74704 0.100436
2.80922 2.35466 0.175707
1.37127 2.35836 0.688992
1.37227 2.46855 0.730738
1.32174 2.57466 0.773239
2.31236 2.31761 0.474463
3 2.0625 0
1.80266 2.36077 0.661944
1.92195 2.41706 0.660709
1.94415 2.18235 0.553438
1.59621 2.26468 0.662707
1.47286 2.28541 0.671238
2.93867 2.15625 0.0422536
2.8265 2.01593 0.09568
2.83188 2.12663 0.107711
2.00393 2.52039 0.693762
1.67672 2.36152 0.684272
2.48493 2.3315 0.397381
2.14359 2.38542 0.57804
1.76143 2.6286 0.791651
1.6392 2.57516 0.776089
1.625 2 0.623142
1.68853 2.26981 0.65282
2.43031 2.2424 0.380665
2.52412 2.2466 0.333546
2.10139 2.29645 0.546969
2.2093 2.28285 0.499291
2.03039 2.38461 0.614815
1.74044 2.48828 0.72698
1.86881 2.54341 0.733295
1.63344 2.46267 0.727313
1.85293 2.63366 0.783463
1.45114 2.13935 0.640326
1.125 2 0.546767
1.25737 2.20829 0.627268
1.75453 2.72979 0.846193
1.80271 2.81904 0.893083
1.375 2 0.622689
1.10689 2.08861 0.549115
1.49477 2.66623 0.823597
1.3944 2.70084 0.838978
1.66614 2.68004 0.825679
1.6875 3 1
1.875 3 1
1.3125 2.10207 0.61919
1.54766 2.59005 0.786503
1.43589 2.56493 0.774577
1.91573 2.7004 0.813353
3 2.4375 0
2.75332 2.46582 0.271278
2.87746 2.45861 0.13757
2.54633 2.5441 0.490677
2.95306 2.53125 0.0635345
2.87849 2.62721 0.203629
2.63738 2.47204 0.375471
3 2.8125 0
2.53241 2.43295 0.4244
2.62527 2.8399 0.753454
2.94093 2.71875 0.133921
2.43689 2.50137 0.52398
2.76885 2.76907 0.521622
2.65763 2.6831 0.528919
2.79812 2.67839 0.369687
2.39683 2.39831 0.48023
2.4457 2.64033 0.626076
2.625 3 1
2.64691 2.57763 0.440747
2.55355 2.65238 0.576878
2.67975 2.76941 0.610972
2.24838 2.4023 0.548877
2.17097 2.54909 0.665078
1.6875 2.10121 0.617552
1.56697 2.10574 0.634408
2.01166 2.77089 0.844575
1.53388 2.77933 0.880714
1.5174 2.88974 0.93981
2.71875 2.93259 0.865596
2.26435 2.5532 0.636404
2.48455 2.78124 0.743042
2.58032 2.74961 0.660541
2.37565 2.87493 0.871788
2.26887 2.78511 0.811383
2.37585 2.7354 0.738416
2.4375 3 1
2.26951 2.64653 0.701833
2.34375 3 1
2.26895 2.89339 0.904791
2.16445 2.88311 0.907453
2.36516 2.57567 0.611986
2.09732 2.47729 0.644969
2.06555 2.66219 0.764909
2.1673 2.65135 0.734173
2.12998 2.78392 0.836847
2.05947 2.88048 0.913927
2.0625 3 1
1.86871 2.89759 0.936952
1.66271 2.83698 0.909069
1.76198 2.92027 0.953388
1.59375 2.95829 0.976987
1.62094 2.75756 0.867541
1.89481 2.79363 0.870787
2.90625 2.94563 0.790298
2.82093 2.87882 0.687862
2.86078 2.76406 0.358138
2.8125 3 1
2.51656 2.90257 0.874851
1.96889 2.94257 0.961549
2.15625 3 1
1.97438 2.61752 0.754764
2.0812 2.5711 0.70423
0.349814 0.446975 0.0110947
0.13871 0.172007 0.00160871
0.0597493 0.09375 0.000407643
0.206032 0.0981799 0.00139519
0.863434 2.27688 0.525095
0.770593 2.30862 0.505181
1.38755 0.809452 0.0299236
1.375 1 0.0322298
1.15994 0.663578 0.0283855
1.125 1 0.0410794
1.48105 0.805159 0.0292129
1.3125 0.900198 0.0325233
1.28853 0.803969 0.0310985
1.0625 0.912946 0.0434741
1.18664 0.88978 0.0361756
2.6575 0.215634 0.00484556
2.90625 0.0788928 0.000526894
2.88897 0.190841 0.00143679
3 0.9375 0
2.93543 0.851607 0.00529962
2.40003 1.55966 0.150079
2.37867 1.46046 0.130355
2.38846 1.64828 0.175666
2.51304 1.51827 0.119094
2.57891 1.38394 0.0843853
2.70726 1.35821 0.0579393
2.7273 1.23613 0.0442217
3 1.3125 0
2.8485 1.06369 0.0187033
2.90487 0.97732 0.0102153
2.93701 1.40625 0.0140182
2.86021 1.28661 0.0251265
2.8313 1.17636 0.0248933
2.93327 1.20855 0.0106325
3 1.6875 0
2.89781 1.92645 0.0501889
1.875 2.06144 0.540065
1.78704 2.10861 0.589668
2.71147 2.03063 0.159238
2.70984 1.92616 0.138451
2.92733 2.34375 0.0672032
2.88199 1.68706 0.0405188
2.94064 1.78125 0.0233981
2.86451 1.83771 0.0577619
2.8187 1.75606 0.0684355
