-23.8651,194.155,-253.67
-21.8726,186.095,-250.17
-21.2218,186.163,-250.24
-23.1461,190.079,-251.97
-22.4974,190.103,-251.92
-23.2281,194.132,-253.51
-23.7303,189.216,-244.05
-21.5784,185.78,-243.17
-20.9593,185.93,-243.02
-23.1569,189.394,-243.80
-25.8859,192.775,-245.33
-25.3556,192.968,-245.00
-25.9302,178.925,-238.8
-29.1558,181.338,-238.21
-32.3046,184.357,-238.19
-45.9264,167.786,-233.4
-35.0325,168.086,-238.34
-34.749,167.739,-237.88
-45.7024,167.742,-232.83
-40.1759,167.031,-235.21
-46.2183,148.921,-240.53
-52.9306,144.059,-238.28
-52.9841,143.499,-237.92
-46.1133,148.371,-240.18
-39.8768,155.694,-242.67
-35.3351,160.838,-251.89
-46.9434,155.35,-255.97
-40.9636,157.304,-253.70
-35.0096,160.287,-251.91
-40.688,156.794,-253.90
-46.7217,154.901,-256.36
-26.0999,170.867,-257.60
-31.4112,173.493,-263.97
-28.6701,171.63,-260.93
-31.1,173.233,-264.49
-25.6323,170.542,-257.93
-28.284,171.331,-261.37
-22.7635,180.973,-255.38
-23.8996,184.281,-257.85
-22.1438,180.96,-255.62
-23.2893,184.236,-258.11
-24.1142,187.899,-260.32
-23.5151,187.812,-260.59
-24.8081,190.9955,-244.69
-22.50935,188.087,-251.07
-30.8359,182.806,-238.51
-24.7334016757,188.408335803,-240.35539960
-36.3112,158.914,-243.35
-24.3599242608,191.349523131,-244.46120581
-22.7422,196.2405,-254.12
-29.49895,172.132,-263.149
-30.0163924724,172.545013271,-262.42864158
-32.44005,162.632,-250.974
-29.6582071727,172.259175441,-262.89504708
-21.1344,183.813,-243.31
-23.0633515515,196.217797019,-254.19439209
-50.2988181697,146.284691236,-239.37188655
-23.3639651504,196.190447478,-254.27915874
-23.3532662614,185.93290544,-259.29105059
-43.0078484166,151.634706399,-241.20491727
-22.9082408763,182.405898252,-256.59494591
-19.9162844336,184.244515998,-249.51334521
-23.9842231527,196.100175531,-254.41697813
-33.86035,186.2415,-238.59
-27.7617819533,180.346184974,-238.2430037
-23.18125,192.129,-252.
-23.7586886954,191.930770695,-252.81579414
-22.7889534653,187.983292621,-251.05607386
-21.6701194576,188.440623038,-251.22744825
-21.5852577948,187.544943529,-243.28229230
-30.9768951636,168.818375738,-239.72311698
-49.991530494,145.91798636,-239.10126440
-20.8498451478,183.951362125,-243.23072198
-36.7197574907,159.294007366,-243.68101099
-22.2959406015,179.397054758,-253.57977220
-26.6661397505,194.298486037,-245.909170
-22.8817932669,192.222502494,-252.76059443
-24.3822881665,177.902715325,-239.71208367
-23.9909765203,189.849517285,-261.54204180
-32.0448530837,162.112886389,-250.93690999
-31.0638494325,168.923550065,-239.86366624
-22.653884166,182.418782826,-256.73245358
-21.7297247779,179.473434277,-253.89703234
-22.3504391149,187.012736837,-243.49328331
-27.8229576427,180.241165007,-238.84709120
-23.9158326503,185.885927977,-258.96792285
-25.9869638774,194.671183536,-245.43997331
-23.4874235944,192.013958235,-252.78182155
-23.6603495791,185.883659848,-259.11018398
-24.8987661069,193.014989951,-249.39001894
-51.461065247,144.98849318,-238.69213220
-33.997478253,186.055897779,-239.20161631
-26.7025909766,179.592592487,-238.2620018
-30.6868196232,182.917627444,-237.91618170
-36.4510597014,158.870198134,-252.51916317
-43.2017033215,151.7898443,-241.34349109
-21.9315993833,188.355387559,-251.17626870
-24.1303943477,193.054385347,-253.32839707
-21.3609782188,183.679360289,-249.14757275
-24.5942796216,189.991193771,-261.28608385
-24.1688578533,191.51373678,-244.38538901
-41.732705964,153.711811071,-242.04587737
-31.685438084,161.571065534,-250.91009039
-51.5345536654,145.070214826,-238.75137840
-21.3380046421,188.56957226,-251.24547113
-33.7480399461,186.458324673,-237.99683589
-37.1693451954,167.423238811,-236.69365167
-20.2574832054,184.185663506,-243.09034239
-24.2851429908,189.875010607,-261.3973472
-22.5960058641,192.296296717,-252.7627394
-23.5635895873,193.261733792,-253.29144768
-37.0036086054,167.23154588,-236.43994090
-27.803317616,180.32623785,-238.49138123
-36.1586999078,158.322434383,-252.60326786
-25.7083138421,194.848290322,-245.26494446
-24.16695,170.553,-256.15
-29.8125618462,172.387776257,-262.6433575
-33.0481747163,168.504775032,-239.10583312
-30.1709467818,172.673408862,-262.17514264
-22.2131097732,188.180340889,-251.13270030
-22.0372066768,179.413789211,-253.7080270
-44.0675568534,165.326431408,-235.14914768
-25.0355309163,171.200224065,-255.43055090
-24.5413506321,177.95521673,-240.00709854
-23.4678003788,182.325624525,-256.27589380
-26.7756859146,179.557489308,-238.69909944
-36.7247849946,159.427679066,-252.43092173
-23.7040324222,196.125283425,-254.33820433
-43.4910804935,167.466259764,-234.19170717
-48.1625699437,147.074819401,-239.61046410
-21.8504479962,187.334685411,-243.34113609
-24.6003466186,170.876953715,-255.78889996
-48.07634345,146.979029969,-239.53758528
-44.4010841056,150.17047097,-240.74554508
-26.8083333588,179.535626724,-238.85937160
-51.7749095089,145.33102987,-238.95114056
-48.44825,169.0745,-231.65
-48.5840197709,169.04138729,-232.28826307
-20.7793638568,183.908527714,-249.30151430
-23.0014433901,193.473752661,-253.24653691
-22.3694377864,182.521974267,-256.94131071
-49.8335174444,145.733039444,-238.96164713
-21.4545014522,179.491211341,-254.03364966
-24.3542398108,188.945096886,-260.80554192
-30.728475161,182.845846262,-238.20751150
-23.1039211702,193.447291494,-253.2457677
-25.3854196056,167.980878279,-253.090694
-24.2033553245,188.929588421,-260.88428274
-32.67515,174.8405,-265.624
-26.4286652732,195.862728652,-245.74707851
-24.2768861816,177.869441302,-239.42004652
-43.3661002876,167.441428373,-233.84344189
-52.5775656904,144.314717535,-238.40144423
-48.4873751386,147.45501396,-239.88822140
-22.6116178004,188.534490745,-243.61372465
-32.8615781346,168.279079732,-238.80422617
-20.2041932548,184.147209491,-249.4572065
-23.7571566812,188.848392112,-261.07868235
-36.6304850611,159.289931897,-252.48532596
-32.5451567662,174.731907229,-265.91083111
-37.2822514426,167.513358325,-236.93193482
-24.8229140284,171.053621634,-255.57780193
-48.3892243745,147.348508558,-239.8066473
-26.286492483,195.953092057,-245.65777531
-24.5960210563,191.176949172,-244.61478122
-23.3586930908,177.283220651,-239.7255232
-30.7439612047,168.539742705,-239.43386959
-32.8065376885,174.945299274,-265.34076611
-47.1379349718,147.722909701,-239.89573205
-23.7617689765,177.463586617,-240.26254674
-57.34075,143.4615,-237.25
-24.3760442567,170.722454308,-255.94385515
-32.7612344061,168.136421568,-238.6532253
-29.99585,182.072,-238.36
-51.236048993,144.738521527,-238.50194796
-52.5589818279,144.294051642,-238.3864619
-23.7658372213,190.148421673,-244.14995129
-48.5243207954,169.079494477,-231.96757964
-26.8236,166.097,-252.07
-32.9337388341,175.051469533,-265.05926553
-26.4873203564,194.418694789,-245.77714097
-51.1468203104,144.637044631,-238.42862292
-21.1128982197,183.760529901,-249.19595501
-52.2877688797,143.992759856,-238.15723218
-50.1385073308,146.081429653,-239.21975680
-38.5548577076,167.133479033,-235.84094533
-47.094821725,147.675014985,-239.85929264
-47.4276142669,148.045043031,-240.12927085
-38.6244686081,167.233401634,-235.97800841
-32.2588465816,162.370476997,-250.97971220
-27.4565673088,179.986388524,-238.8515257
-40.7038542759,154.810669777,-242.39242427
-29.9682686918,182.116977064,-238.21258147
-36.2414183152,167.606067373,-237.32310838
-20.0018105712,184.310453864,-243.03654682
-26.1728334268,194.546293027,-245.57829777
-25.4076859984,191.985445522,-245.05259178
-23.1040611439,188.216066588,-243.80006936
-47.4822891882,148.104371906,-240.17471173
-36.1749016843,167.552975125,-237.18272826
-34.6641380782,161.161472214,-244.07791327
-38.1749390143,157.230906095,-242.9965186
-52.2522248891,143.952336825,-238.12802336
-23.6950081107,177.448816173,-240.08597274
-44.5144438748,150.248402935,-240.81936314
-22.5009336759,188.622247516,-243.58916465
-43.2897424733,167.360509276,-233.6078248
-23.6749077927,190.236024765,-244.08983198
-21.1506115194,179.530011174,-254.19617918
-25.3135877238,192.065953534,-245.01655545
-19.3945052856,183.283226932,-243.04577341
-32.4156476348,174.628429865,-266.18934693
-40.6562083028,154.778806061,-242.35981156
-29.8623493998,182.184079287,-237.77306813
-24.9444008352,192.464106359,-244.7876944
-37.6975324057,167.476368435,-236.77586088
-33.8125533143,186.371595079,-238.28730587
-45.1901540562,149.454973021,-240.54957747
-27.1704005226,195.283099092,-246.27895862
-27.3998196735,180.024389965,-238.5729414
-22.9736905393,188.318772036,-243.77294385
-22.0210265575,187.189052136,-243.41780062
-34.5751016528,161.08475966,-244.008881
-31.3778497647,161.379016436,-251.74013747
-38.2776016559,157.320062699,-243.07455704
-20.5125256628,183.99703105,-249.3541109
-38.950311076,156.530687888,-242.84821153
-26.7445689318,195.650464897,-245.98217459
-23.7014155724,193.227075484,-253.29016411
-20.579894773,184.082838454,-243.17528324
-41.6257886211,153.64030904,-241.97269459
-39.006200365,156.579224523,-242.8906954
-45.1247025065,149.409976741,-240.50695647
-37.5661172122,167.371475449,-236.49851549
-45.3954404694,149.125441884,-240.4176898
-23.2918767327,189.019646311,-251.53853693
-22.8588181939,189.180271523,-251.56630148
-22.7251638124,189.22238403,-251.59278523
-27.3458923119,180.05028809,-238.25046332
-23.8962533829,186.931199711,-259.74162488
-19.8123429917,183.079285993,-243.1336898
-20.4091159162,182.845152807,-243.26201048
-25.0106042201,192.407207296,-244.81396449
-23.7412510196,186.935377382,-259.81824053
-20.5326068464,182.785106502,-243.29684948
-49.876,155.009,-258.202
-19.9500530924,183.012295155,-243.17293877
-22.1808979884,189.467005769,-251.65566011
-26.9015090685,195.55068146,-246.08025912
-45.4429674144,149.158115453,-240.44863860
-36.5121691218,159.115152095,-243.5200632
-22.2809353013,189.434396274,-251.63607978
-37.4490193302,167.20338791,-236.26795108
-24.3300120161,186.976639087,-259.53043893
-49.9753296823,155.419714352,-257.71470909
-49.947487413,155.228997618,-257.98477138
-52.6359344398,143.745879928,-238.04311609
-23.0024590969,189.629635761,-251.76865074
-24.1809291388,190.662685423,-244.3823662
-24.0589615763,197.320587766,-254.87998906
-23.7143447937,193.708366896,-253.48522384
-34.638225,187.18375,-238.795
-23.9484463132,190.951419346,-252.41635740
-42.4137459713,152.71507667,-241.65809284
-24.3699214954,190.855005303,-261.9291736
-22.4973585484,187.753912086,-243.59537224
-25.6467929992,192.380222761,-245.19479589
-30.9466733909,173.212704431,-262.81457132
-49.9711603977,169.765247239,-231.5207898
-39.3653788538,167.082239516,-235.52797266
-18.54405,182.6855,-248.1
-22.9356319062,189.650692015,-251.78189261
-39.7388658034,156.551243499,-243.09807672
-26.1873974014,168.052970868,-252.78454252
-22.8177,197.30625,-254.50
-33.887575,161.735,-251.4342
-24.8215398108,190.981596886,-261.74104192
-18.1731,183.0035,-245.26
-33.184819042,160.653532767,-251.42504519
-38.5695298507,157.832099067,-253.21358158
-20.76205,182.3705,-245.280
-18.1273,182.653,-243.7
-29.3432462362,172.087506635,-261.68332079
-20.7055,182.082,-244.03
-24.5047,198.701,-254.271
-24.12545,198.754,-251.5
-26.21025,198.185,-250.110
-27.3132,197.2755,-247.94
-30.415875,182.439,-238.44
-38.0952929101,167.302438541,-236.23826195
-28.479558808,180.832118925,-238.35469061
-22.73175,194.624,-249.947
-30.7137962362,173.019006635,-263.20082079
-23.9888501894,183.326312263,-256.93794690
-24.2228382602,190.842258643,-262.00152090
-31.5165375805,183.601423131,-238.20225575
-44.5342501438,167.591714187,-233.34122094
-33.2755095518,160.795150414,-251.44102133
-21.41115,177.45,-239.700
-25.3501233093,170.871976858,-256.69494998
-52.3259547544,144.975014935,-238.7940702
-21.3259819284,185.001763857,-249.73925715
-33.2016238174,175.428214932,-266.75767346
-47.9848321634,147.779692933,-240.03146657
-47.5855825875,147.327022477,-239.69843896
-23.3519952696,188.767386018,-243.91397192
-20.7129966274,185.155104746,-249.8496032
-33.5272265419,161.199943194,-251.42695499
-25.0041721283,170.632227154,-256.93792757
-28.698425,171.5815,-262.4777
-20.57255,181.6555,-240.01
-34.8014891265,187.022948889,-239.40980815
-25.4614070142,170.960310817,-256.58940096
-50.0916098855,169.721193645,-232.00013153
-23.7832577862,193.691037742,-253.48458205
-22.8726,175.5805,-239.331
-26.2066,171.4765,-239.1
-44.5985,178.2355,-232.47
-28.4587909766,180.842092487,-238.2305018
-22.8289168379,189.008123758,-243.69908232
-21.6472057597,180.245005587,-254.90858959
-52.6181624445,143.725668412,-238.02851168
-35.94515,184.2815,-238.633
-31.85495,173.7655,-235.8
-38.8441924973,158.365839533,-253.06596086
-25.1562440832,178.413857663,-239.29104183
-38.0019385189,167.168433471,-236.05444821
-24.3162471738,193.616192674,-253.58469853
-23.4387325752,197.323223739,-254.69857937
-52.9485383422,143.871234176,-238.16430517
-22.6667,195.17475,-253.73
-20.8335034232,183.299053251,-243.30392474
-23.4039204382,183.343449126,-257.22647295
-30.6118809231,172.940388129,-263.3081787
-33.74275,164.11,-244.364
-59.83265,152.4565,-229.998
-60.8067,147.632,-235.40
-34.487419973,187.359662336,-238.18441794
-22.8842589002,188.964245372,-243.71136232
-31.67595,183.54,-238.66
-39.4415001825,156.136612262,-242.7808477
-52.6451,147.0245,-236.896
-25.8014654581,171.196112032,-256.35027545
-24.1515598043,177.709401673,-240.13482264
-22.8293688932,183.378987134,-257.52915535
-49.933125,169.76275,-231.36
-33.2663783831,175.479953615,-266.61841555
-37.3948853889,158.217607397,-243.29731013
-33.6342232908,161.328738499,-251.44835610
-43.8157,156.072,-254.940
-43.70485,155.8475,-255.13
-38.2767790635,167.424773798,-236.55816414
-43.5671,155.5925,-255.24
-43.45625,155.3685,-255.43
-33.6788,163.184,-245.79
-29.47805,162.8505,-249.16
-48.3345937065,155.064998809,-257.17638569
-48.3485148412,155.160357176,-257.04135454
-22.1062673423,188.894891917,-251.40617424
-24.1229223332,186.431283532,-259.24918089
-35.5436353873,160.099955878,-243.7644723
-26.6944147124,194.984688125,-245.9287000
-21.925508723,188.953814403,-251.44155418
-39.7628444475,156.571893466,-243.1162395
-48.188,154.731,-257.4832
-21.4927491098,184.92776495,-249.68647750
-21.9421891094,184.852680144,-249.63028637
-40.13385,156.3655,-244.53
-24.6852642404,191.878365214,-244.63758515
-23.5472586405,186.434141411,-259.55464556
-22.8395703008,180.191527379,-254.36038610
-22.9782757757,197.29489851,-254.54419604
-23.778301481,186.407429779,-259.42590443
-22.6840840969,188.633635761,-251.32015074
-23.040415099,188.501469466,-251.29730540
-52.74215,144.056,-241.02
-22.4691367928,188.701362459,-251.36274277
-44.7628933061,149.790223855,-240.62625078
-41.140998462,154.20955755,-242.16625307
-38.6419010104,156.949643611,-242.98262625
-23.5944195834,192.620516859,-253.03599283
-26.4587011793,195.098378962,-245.78023618
-19.6981579284,183.796840398,-243.04116011
-38.5626250452,156.880796992,-242.92236507
-35.951075,156.81525,-247.4842
-24.0174160267,190.792773948,-244.27551889
-20.0349130985,183.632474749,-243.11201610
-30.3893,172.841,-261.97
-33.8477008264,161.82437983,-244.192440
-21.4901632788,186.559526068,-243.21990031
-33.755117203,167.937710784,-238.26861268
-51.5997437065,155.396998809,-258.81288569
-21.666,184.721,-243.323
-33.0585766571,185.364297539,-238.24215293
-41.21828012,154.261240424,-242.21915082
-31.6022238174,173.800714932,-265.60117346
-40.2665041514,155.23640303,-242.51540578
-23.8740666007,189.348954699,-261.3103620
-20.4805552856,185.120226932,-243.02927341
-24.4742597162,189.468145329,-261.04581289
-21.7991507261,180.225605671,-254.82732483
-24.9548043901,191.621451353,-244.81566834
-20.6863057597,178.861505587,-253.53008959
-21.0791473865,184.931419227,-243.17714162
-30.3483719264,182.481411663,-238.21004649
-22.0430957353,188.083595522,-243.43572847
-51.6995225998,144.294690728,-238.27832314
-23.4159038963,189.815012383,-243.94941599
-37.2430695072,158.072453048,-243.1747593
-33.8922190391,161.862736107,-244.22695663
-43.8580735981,151.019123618,-241.08142712
-24.2442491576,189.402299514,-261.1408149
-22.4003533384,180.193394605,-254.54451352
-25.7642167134,193.757146513,-245.28964888
-46.8502945941,148.512685953,-240.35485586
-26.3202,168.858,-252.83
-25.1078929992,191.490472761,-244.87429589
-23.417180572,188.716033294,-243.92753468
-29.5620343459,181.727488532,-238.21529073
-40.2903271379,155.252334888,-242.5317121
-35.4952091576,167.672533686,-237.60355419
-30.9019232908,163.398238499,-250.51735610
-45.7543702347,148.748220942,-240.2993449
-41.41145,169.3475,-264.692
-23.9277255098,187.417188691,-260.07162026
-46.6040608625,148.023007492,-240.0201463
-44.8522989655,149.851687978,-240.68447030
-51.7619089363,144.365640691,-238.32959007
-20.8368491098,182.91226495,-248.83947750
-35.69785,173.3215,-268.14
-50.4097586578,145.093594094,-238.62905669
-20.2173128314,183.095515525,-248.98455549
-20.2649739327,183.547566804,-243.17411101
-35.4619508421,167.645987563,-237.53336413
-32.172469417,174.272234767,-264.51613276
-52.0100235375,144.641272411,-238.53929708
-47.1133603977,168.410747239,-232.4032898
-23.4613686106,189.771210836,-243.97947564
-50.5347832187,145.235780485,-238.73179754
-29.575825,181.705,-238.29
-23.8067721283,170.804227154,-255.04292757
-43.481925,152.36075,-247.7607
-49.2638658526,146.714969105,-239.51320206
-31.7525978054,168.338082136,-239.0435474
-41.6058712366,167.094254638,-234.14441242
-22.7272501294,187.614401712,-243.64667633
-27.99145,165.3565,-256.93
-46.6256174859,148.04695485,-240.03836602
-32.1088688443,174.219149637,-264.65688305
-59.492275,143.72225,-237.099
-25.9974031626,195.40069119,-245.4613598
-39.4001843041,167.132200817,-235.59650420
-24.2981570142,171.130310817,-254.74640096
-46.8229571335,148.483021515,-240.33213542
-31.8225783831,173.982453615,-265.20191555
-26.1866101782,193.596847394,-245.55707048
-38.6592425305,158.041965948,-253.19666298
-33.8052890673,168.009039866,-238.34411308
-25.1035430908,178.397220651,-239.1450232
-22.246612389,180.223217139,-254.63901617
-39.413555538,156.112343944,-242.75960576
-25.5997438619,192.420476767,-245.17677772
-31.9192366491,168.548727735,-239.26367157
-47.9084193207,147.696775794,-239.96795908
-36.6721234398,167.488106968,-236.93818996
-22.2310328983,187.934588078,-243.47743037
-23.77251839,191.028052585,-244.17979176
-30.3791035864,172.746087721,-263.69402354
-50.8365304981,145.57582224,-238.98556760
-31.887575,174.03675,-265.0587
-41.7710001438,167.236214187,-234.52922094
-24.5566293442,191.988921569,-244.58654171
-24.2342199054,188.422048443,-260.56527096
-21.1480007261,178.838105671,-253.32782483
-24.4612565455,190.422844658,-244.4897217
-37.6460603522,158.452490681,-243.50215895
-48.9549304472,146.356034706,-239.24961620
-21.9468188932,181.734487134,-256.40115535
-20.3507319284,183.051263857,-248.95825715
-46.963375,168.38625,-231.94
-22.9978523762,181.655367451,-255.89195047
-47.1432098855,168.391693645,-232.56363153
-26.3692666794,179.230313362,-238.86468580
-22.24235,177.431,-252.50
-35.8200425305,159.788465948,-252.20116298
-22.0663607587,191.293599733,-252.30573522
-29.92055,183.1775,-265.722
-23.9189233093,170.881476858,-254.96544998
-41.8334902468,167.248629882,-234.70335358
-23.7845662111,195.140141712,-254.00860216
-35.8671924973,159.857339533,-252.17396086
-26.3529429573,179.241244654,-238.78454972
-23.1156501894,181.649312263,-255.82844690
-24.4044654581,171.203612032,-254.67277545
-21.7174548866,187.171670444,-250.68735015
-21.7491533384,178.795394605,-253.04451352
-29.4205233909,172.151704431,-261.55657132
-24.1587776623,188.414294211,-260.6046413
-51.8913804167,145.850110288,-238.57935220
-29.0482809231,171.859388129,-262.0076787
-22.7987246271,192.885024689,-253.00463820
-23.434275,170.5585,-255.260
-25.93745,172.53,-257.30
-32.0560120744,168.714162548,-239.48474968
-22.190975,187.091,-250.625
-35.2586999539,158.753717191,-252.28363393
-33.462725,175.64425,-266.1902
-22.2223529321,191.211148359,-252.31686974
-30.299475,172.6825,-263.8212
-23.3724197937,192.695366896,-253.04572384
-24.0052266914,187.415099855,-260.03331244
-35.6919477844,160.22773979,-243.87946213
-20.629480532,183.398257466,-243.24636623
-33.723369417,175.859734767,-265.62263276
-22.971592083,183.327391413,-257.42472679
-32.920619973,185.449662336,-237.78691794
-26.9182701365,194.790792564,-246.09406466
-43.7044662611,150.902588685,-240.97523118
-22.21265,172.6635,-256.70
-51.0368638393,145.807860553,-239.16151355
-26.2078145753,195.266956094,-245.59352591
-20.9545023211,187.40078613,-250.77573556
-23.8177896362,177.576330977,-239.5727848
-22.68495,178.345,-259.34
-30.229469042,162.462032767,-250.41004519
-20.8671628314,185.080015525,-249.79805549
-21.4048739981,186.632342705,-243.18156804
-23.6087662111,197.290641712,-254.72810216
-20.9608891094,182.871680144,-248.81528637
-31.4957098116,183.637313722,-238.05659085
-24.899625,170.5475,-257.041
-21.5766996917,187.259193779,-250.70913435
-19.7437466274,183.235104746,-249.1021032
-33.2567391265,185.164948889,-239.00980815
-21.69465,179.9655,-250.91
-50.7262978705,145.45323977,-238.89669830
-45.7781337072,148.764557727,-240.31481930
-20.6083916027,185.057831753,-243.05617119
-25.6712819387,193.819591768,-245.2204866
-23.4748247896,185.059829924,-258.61359199
-23.6025663252,185.060963988,-258.54246142
-36.7618348789,167.559712849,-237.12752160
-21.285612389,178.829217139,-253.25951617
-22.398842083,181.689391413,-256.17672679
-21.2837,181.625,-248.91
-30.2745845115,182.550853366,-237.8446249
-36.4994951022,167.263414922,-236.63459806
-52.0560596779,144.692466181,-238.5764113
-30.6020765419,163.001443194,-250.45995499
-24.12905,195.3745,-259.52
-34.5196766571,187.316297539,-238.32965293
-23.18765,195.237,-259.7
-22.55785,195.1465,-259.811
-21.60985,195.0125,-259.92
-22.6895966335,191.162751247,-252.34079721
-23.74915,196.968,-258.03
-49.3930966542,146.869852598,-239.63005398
-38.3836914951,157.50660478,-253.3440281
-22.1596,196.7465,-257.956
-21.8785203008,178.787027379,-252.98038610
-38.2855999539,157.303217191,-253.35863393
-24.0386481386,177.675765749,-239.89902821
-21.1205597288,187.336311519,-250.76672412
-33.5284188443,175.696649637,-266.04838305
-42.5688318987,152.818791918,-241.76424605
-22.3307767327,187.039146311,-250.61653693
-23.5433383663,189.537823155,-251.77976846
-49.0770502188,146.49640288,-239.35586425
-23.4523943477,191.004885347,-252.39339707
-21.2141225739,184.865681062,-243.2048609
-22.839325,191.116,-252.360
-47.6502524578,147.398864551,-239.75309807
-23.9246615763,195.127587766,-254.04798906
-19.5997922168,183.283757999,-249.13017260
-22.5260204382,181.682949126,-256.10797295
-33.082475,185.29925,-238.396
-44.4960712366,167.551254638,-233.22341242
-23.0161831307,185.06195272,-258.83302529
-23.9445415215,192.492578021,-253.07209560
-23.3167617972,191.046479117,-252.37641077
-25.379225316,178.483608365,-239.73254927
-23.2960325752,195.161223739,-253.89807937
-35.2580069082,159.865111105,-243.55444651
-51.564,155.287,-258.9217
-23.1457257757,195.17489851,-253.85569604
-28.9711035864,171.795087721,-262.13352354
-22.9928572186,192.834896994,-253.00318108
-26.2760198752,193.536743018,-245.6230853
-30.992525,163.529,-250.5147
-21.41315,194.5795,-257.11
-21.3617,195.2465,-256.052
-51.6886148412,155.692857176,-258.42385454
-34.2492875,186.712625,-238.6957
-42.0197672962,153.177692855,-241.8153937
-49.2477405966,169.422370858,-231.74418473
-22.77995,196.773375,-254.316
-18.1183,182.787,-244.12
-29.0066731181,171.858753318,-261.31066039
-28.141438212,180.579178387,-238.42303592
-41.3776242326,154.200200065,-245.36164383
-31.9105687903,183.979211566,-238.19962787
-31.1225063708,183.223634697,-238.20488362
-43.9501752157,167.51657128,-233.59233141
-22.57405,177.27175,-240.7907
-28.258925,196.3935,-246.2927
-32.8086357261,175.028322399,-266.47351020
-27.3575753919,195.648574319,-246.4162189
-26.10375,179.62425,-240.17
-20.4585949411,184.651157118,-249.6534049
-32.7860398128,161.656414791,-251.18193249
-24.6901081925,170.677340731,-256.44089136
-30.997425,188.04175,-240.882
-49.3378148282,169.381290467,-232.14419730
-22.488,176.06575,-239.4037
-44.339275,178.97975,-235.45
-28.110286465,180.59413873,-238.23675280
-21.3989086395,179.88750838,-254.55238438
-30.860575,176.83025,-236.147
-37.784488746,158.8967593,-252.74844130
-32.395175,166.927,-242.4
-33.3914,165.21425,-243.4197
-33.806275,163.7675,-244.7122
-52.70935,168.80975,-232.0572
-56.230575,162.40325,-231.191
-57.749825,158.12775,-228.7867
-60.60385,148.936,-234.28
-34.1177299596,186.908993504,-238.0906269
-31.255925,183.173,-238.59
-52.52915,148.22725,-236.0262
-25.4184981872,171.198168048,-255.89041317
-22.5994033398,182.950480701,-257.23523303
-44.55715,155.2525,-235.3437
-46.04055,166.15625,-231.5112
-56.677575,155.786,-229.5032
-49.1906875,169.418625,-231.510
-32.9057675747,175.105930422,-266.26462333
-42.25185,156.433,-254.4242
-42.196425,156.32075,-254.52
-33.5833,163.0635,-246.16
-61.690825,141.6565,-241.4772
-60.20895,143.1735,-248.470
-47.5351074206,155.030678588,-256.70467727
-35.05936852,160.592357769,-243.88667685
-53.9219,153.30475,-259.57
-21.3028236648,184.344147425,-249.44121625
-21.6515836641,184.266020217,-249.38892956
-22.5677554511,179.794291068,-253.97007915
-23.0208136636,196.756347764,-254.36929407
-52.674725,143.7745,-242.214
-33.4840004132,162.194189915,-244.2842203
-21.2247316394,186.244763034,-243.12095015
-50.7736155597,155.312998213,-258.39882854
-33.5442560372,168.400081274,-238.91637484
-32.6815883286,184.86064877,-238.21957646
-32.0089357261,174.214572399,-265.89526020
-20.2411829284,184.715340398,-243.03291011
-21.6268260891,179.858408506,-254.43048724
-20.9184586395,179.19575838,-253.86313438
-29.168875,166.2905,-251.1227
-36.7771347536,158.493226524,-243.26387965
-43.5298884598,151.404483959,-241.21245910
-22.2187800076,179.803591908,-254.12627028
-49.413275,158.9135,-262.898
-47.7775,162.8935,-262.0397
-35.1221045788,167.705766843,-237.74377709
-39.2107,169.56025,-267.398
-20.9748736648,183.336397425,-249.01771625
-20.6988245549,182.488132475,-248.66123875
-50.0412278315,145.321868826,-238.72927358
-20.3649192471,183.546273288,-249.16933324
-20.0697064157,182.644757763,-248.79977774
-35.1054754211,167.692493781,-237.70868206
-31.7918347085,173.882617383,-264.24456638
-46.4078801989,168.076373619,-232.6211449
-50.1841503316,145.484409965,-238.8467223
-24.0914081925,170.763340731,-255.49339136
-48.8265451136,147.031738831,-239.65992469
-31.248279505,168.438912421,-239.23870853
-28.618575,164.62425,-256.54
-31.7600344221,173.856074819,-264.3149415
-45.5689827032,168.069036612,-234.22117169
-58.4165125,143.591875,-237.1787
-39.0123264561,167.182801225,-235.78725631
-24.5605355213,171.091966225,-255.16210145
-31.4612891916,173.607726807,-264.84745777
-37.6448637958,158.665948922,-252.84099447
-33.333433601,168.144059799,-238.57416963
-24.6902146362,178.133330977,-239.2825348
-20.0799633252,184.741386999,-249.7115089
-21.9881685835,179.848325708,-254.26802425
-31.4480659064,168.683551736,-239.49339428
-30.0186553796,172.502631581,-263.29453531
-50.4875189145,145.828625946,-239.10266220
-31.4937875,173.634875,-264.77587
-40.9734500719,167.133607093,-234.87211047
-48.5156369486,146.667532338,-239.39360074
-20.1364159642,182.622631928,-248.78662857
-23.1150285643,181.996551176,-256.14742571
-22.8806761881,181.314183725,-255.63647523
-46.4228049427,168.066846822,-232.70131576
-35.4148212653,160.037732974,-252.05908149
-23.8248331055,194.647570856,-253.84380108
-22.9395750947,181.311156131,-255.60472345
-21.4696274433,186.667335222,-250.46467507
-29.0453116954,171.890852216,-261.24728566
-34.973975,180.834,-238.13687
-28.6661404615,171.595194064,-261.6898393
-31.5599307534,168.818856306,-239.67420796
-22.0317875,186.593,-250.4012
-34.808699977,158.969358596,-252.12381696
-33.0689375,175.242375,-265.90737
-22.035526466,190.668574179,-252.09393487
-29.8992125,172.40725,-263.48537
-35.1780429313,160.694606002,-243.97868770
-33.3285541255,175.45560215,-265.34094915
-22.8127381245,182.87308712,-257.07859018
-43.3561573388,151.268647542,-241.09007422
-50.6678410045,146.046275894,-239.26670005
-23.314425,178.232,-260.377
-29.501484521,162.907516383,-250.16002259
-20.6898442471,184.538523288,-249.57608324
-21.182086999,186.281171353,-243.10178402
-23.6563993166,196.707962569,-254.53315325
-24.493,188.21075,-263.995
-20.7608445547,182.467840072,-248.6491431
-31.0912647174,183.277470583,-237.98638627
-19.5135233137,182.779052373,-248.9245516
-32.8863695632,184.719474445,-238.91390407
-50.3589141822,145.685613065,-238.99898135
-20.432937404,184.621747629,-243.07325679
-25.5134409694,193.393795884,-245.1107433
-23.3820623948,184.647914962,-258.36529599
-23.4459331626,184.648481994,-258.32973071
-45.4609462024,160.859303151,-235.55718892
-21.5076685835,179.151325708,-253.57827425
-22.2713210415,181.324695707,-255.89886339
-23.810475,195.80975,-259.203
-21.433875,195.47875,-259.4
-22.5934983167,190.632875624,-252.13089860
-37.2221499309,157.812825787,-252.98095089
-20.8457798644,186.78415576,-250.53636206
-33.1674782664,175.320974456,-265.69457458
-22.1016883663,186.567073155,-250.39676846
-48.6198100813,146.785611141,-239.4831641
-21.0319838609,184.408521593,-243.21779148
-22.6683625,190.6095,-252.1407
-23.8948807882,194.641293883,-253.86349453
-19.7580383252,183.764136999,-249.3217589
-19.4415461084,182.803379,-248.93858630
-22.3349102191,181.321474563,-255.86448647
-32.6935375,184.828125,-238.2967
-43.892906855,167.455881957,-233.41561863
-28.2172932321,180.515373755,-238.84231840
-23.2314308986,190.562739559,-252.17370538
-24.9602879741,178.219412547,-239.86982390
-23.2620662876,194.646611869,-253.70753968
-34.7314103623,160.340666657,-243.6551697
-50.72,155.148,-258.56212
-23.1869128879,194.653449255,-253.68634802
-28.6275517932,171.56304386,-261.75276177
-26.0809599376,193.155871509,-245.48004267
-21.335525,195.26225,-258.01
-50.8319722617,155.556285764,-258.06928181
-32.4154464482,161.88465059,-251.05942124
-28.308475,189.00475,-242.0077
-31.9325625,189.514375,-241.0647
-25.9690125,183.78325,-238.16312
-48.9609172996,169.211338879,-232.21623019
-37.9920625,185.303375,-235.53262
-39.6751375,183.846,-237.5907
-31.35405,170.059125,-236.98212
-31.555575,169.815875,-237.03587
-54.2142,142.45025,-237.09762
-58.1823625,157.159375,-228.81487
-60.7459625,149.655625,-230.86512
-60.502425,149.588,-233.724
-61.9471,143.6645,-235.59
-48.81946875,169.2465625,-231.5832
-44.597625,155.8915,-255.19862
-41.469925,156.6135,-254.16612
-41.4422125,156.557375,-254.215
-47.1284037103,154.965839294,-256.53633863
-52.6410125,143.63375,-242.8107
-53.0423125,142.209625,-237.9042
-32.4930941643,184.608824385,-238.20828823
-25.0490375,169.996875,-259.0497
-43.8902625,165.985875,-263.1552
-57.87863125,143.5266875,-237.21837
-41.340525,159.217,-260.01662
-37.1376744284,158.97794041,-252.66316021
-40.5746750359,167.082303547,-235.04355523
-46.0626024714,167.904423411,-232.77015788
-25.2892875,187.905125,-265.25562
-23.4856125,191.163375,-263.24837
-29.1374922605,163.130258192,-250.035011
-36.6904249194,158.067630085,-252.79210938
-32.5023677004,184.596558561,-238.24772107
-50.298,155.0785,-258.382312
-50.403650972,155.488000058,-257.89199545
-41.0789625,156.70375,-254.037062
-41.06510625,156.6756875,-254.0617
-40.6259573788,167.252734933,-235.66659862
-44.0999103702,167.546194823,-234.00378038
-24.0215923645,196.710381648,-254.64848359
-42.8077246464,152.252460485,-241.50079197
-24.3275322431,190.365007955,-261.66326041
-24.4123107477,191.345002652,-262.19508680
-30.5588100863,172.943056647,-262.49485698
-31.3345366954,173.482352216,-263.13428566
-38.9601182807,167.107859274,-235.68445900
-39.7706394269,167.056619758,-235.37148633
-18.493775,182.80175,-247.815
-24.6189992241,177.03711687,-241.16812954
-18.2852817968,183.04665759,-246.35592319
-33.1638125,162.1835,-251.20437
-24.7079097162,190.486395329,-261.51356289
-32.435128563,161.11229915,-251.16756779
-33.934509521,160.194766383,-251.68252259
-37.5102947761,158.351148601,-252.86637238
-39.6287649254,157.313049534,-253.56079079
-29.6798193543,172.316259953,-262.0559811
-24.6902,198.781,-253.7357
-24.968475,198.51775,-250.081
-27.61615,197.01025,-247.388
-24.863825,198.18725,-247.1092
-28.817679404,181.085059462,-238.28634530
-30.3650943543,172.782009953,-262.8147311
-31.0624981181,173.256003318,-263.58691039
-23.7283252841,182.825968394,-256.60692035
-24.2493750947,183.826656131,-257.26897345
-24.1069073902,190.345887964,-261.77178135
-45.1183250719,167.666857093,-233.09011047
-33.9798547759,160.265575207,-251.69051066
-19.9661,180.93575,-241.8447
-21.75395,179.6425,-242.030
-22.64635,178.25375,-241.8507
-24.975234964,170.874465286,-256.24192497
-25.7250116547,170.869488429,-257.14797499
-52.5547272712,144.827211405,-238.7288608
-21.0526728926,184.455145785,-249.52038572
-21.5992909642,185.548381928,-249.95812857
-30.03025,193.46375,-240.3347
-20.9673983137,185.659052373,-250.0458016
-34.2684132709,160.743471597,-251.671977
-25.3182360642,170.587113577,-257.4349637
-29.0986875,171.85675,-262.81362
-23.9804,186.998,-239.889
-25.1421605213,171.006966225,-256.08360145
-34.3994836897,186.539423334,-239.30571223
-25.7806535071,170.913655408,-257.09520048
-23.806725,176.725,-241.6102
-24.6062,174.4955,-240.1047
-35.746375,187.61025,-236.6707
-39.447125,183.78575,-234.83
-28.8072954883,181.090046243,-238.22425093
-21.8955028798,180.602502793,-255.26479479
-39.330275,177.85175,-233.8037
-24.7692661249,178.158286494,-239.50156275
-25.5432220416,178.669428831,-239.08052091
-23.4013488628,196.756835608,-254.48886905
-22.70445,195.707625,-253.931
-23.1560806573,182.874673689,-256.91070943
-30.2122213846,172.664082193,-262.9757681
-31.0115404615,173.216694064,-263.6405893
-59.90895,151.94375,-232.6802
-61.3066,147.277,-232.42
-26.1844327291,171.194056016,-256.81013772
-23.0593344466,183.807493567,-257.82307767
-37.74355,163.41825,-236.7312
-36.9535272553,158.666379746,-243.40868667
-37.8362435224,157.768835048,-243.18593358
-32.9465349362,161.849607748,-251.21403415
-34.3219116454,160.807869249,-251.68267805
-45.213275,155.37425,-255.75
-45.1444,155.24675,-255.804
-44.978125,154.91075,-256.101
-33.7743,163.3045,-245.42
-30.455025,162.1245,-248.0417
-30.902875,162.7815,-248.25
-32.4326,163.73275,-248.07
-29.125775,163.10175,-249.53
-31.29115,164.75225,-249.2702
-47.5281468532,154.982999404,-256.77219284
-49.1410405597,155.146998213,-257.58057854
-49.1619222617,155.290035764,-257.37803181
-36.0279022545,159.607553987,-243.64226776
-49.032,154.87,-257.84287
-21.6826745549,185.511382475,-249.93173875
-22.2327945547,185.439340072,-249.8716431
-40.256175,156.53375,-243.95
-23.1113851504,180.588763689,-254.75069305
-52.809575,144.3375,-239.829
-54.6694,143.51525,-243.4912
-34.2114012396,161.454569745,-244.1006610
-21.7555949181,186.874289102,-243.31885046
-33.2581758046,168.037066176,-238.46091902
-34.2520586015,167.838355392,-238.07630634
-52.4258718532,155.480999404,-259.22694284
-21.4002,184.267,-243.3172
-21.9318,185.175,-243.3297
-33.4355649857,185.867946309,-238.26472940
-20.7199276428,185.525113466,-243.02563670
-21.971475363,180.592802835,-255.22416241
-20.8295210798,184.507128841,-243.17621243
-21.3287736933,185.355709614,-243.17807081
-25.708225,165.779,-252.4
-60.2972875,141.552,-243.858
-37.7090042607,157.651679572,-243.08563896
-33.5062595195,162.213368054,-244.30147831
-34.2781785586,161.512104161,-244.15243495
-44.1862587365,150.633763276,-240.95039513
-22.5819266692,180.583197303,-254.96275676
-25.5599083567,193.362573257,-245.14532444
-25.9685250701,194.15171977,-245.43397333
-26.71415,168.4315,-252.640
-35.8683137364,167.63930053,-237.46333128
-31.5803849362,162.884357748,-250.74853415
-36.815675,172.08825,-267.983
-50.7782894841,144.865319362,-238.52883981
-35.8184262632,167.599481344,-237.35804619
-35.093525,161.87225,-252.3337
-32.5531041255,174.66185215,-264.78769915
-47.8188405966,168.745120858,-232.18543473
-50.8854161059,144.987151006,-238.61687275
-49.7011865917,146.398199379,-239.36647943
-32.2569161057,168.237251852,-238.84838642
-42.447806855,167.227381957,-233.87611863
-32.4577032664,174.582224456,-264.99882458
-56.2649875,143.331125,-237.3372
-60.5680375,143.852625,-237.0202
-39.788042152,167.081600408,-235.40575210
-39.42145,163.98625,-263.5832
-32.1838675747,174.357180422,-265.55637333
-26.0362550891,193.185923697,-245.44703524
-26.3369652673,194.007771091,-245.66710573
-39.6736212653,157.417982974,-253.55233149
-34.2771445337,167.874019933,-238.11405654
-25.5168715454,178.661110326,-239.0075116
-22.5050561945,180.598108569,-255.01000808
-32.3904073919,168.413903733,-239.03394887
-30.7395517932,172.98954386,-264.09351177
-51.1855420818,145.323018533,-238.86847300
-32.2813625,174.438625,-265.34162
-42.5685502157,167.33882128,-234.18633141
-21.3012510891,179.164658506,-253.68073724
-37.1829089214,158.873249023,-243.59158497
-38.1092117829,158.031732339,-243.41273293
-49.3942239458,146.044537075,-239.10563166
-22.1581283398,182.128230701,-256.67123303
-20.0999,175.95975,-254.04
-20.5650478926,183.479895785,-249.12988572
-47.7058125,168.730375,-231.801
-19.694925,177.763,-253.3032
-47.8636148282,168.716540467,-232.42594730
-22.323225,177.0615,-252.683
-36.2252637958,159.539198922,-252.34324447
-21.9575303794,190.709799867,-252.08836761
-22.1751911381,191.8773996,-252.52310283
-32.581275,176.94325,-268.3532
-24.259634964,170.879215286,-255.37717497
-41.0046951234,167.139814941,-234.95917679
-42.6622853702,167.357444823,-234.44753038
-23.7442993166,195.632712569,-254.17340325
-35.4383962487,160.072169767,-252.04548043
-36.295988746,159.6425093,-252.30244130
-23.2917252841,181.987468394,-256.05217035
-24.7199981872,171.201918048,-255.05166317
-21.9652823299,187.676005666,-250.91002522
-21.8931800076,179.104591908,-253.37627028
-29.7957350863,172.412556647,-261.86585698
-24.580675,189.17025,-264.5252
-29.4304213846,172.123582193,-262.3255181
-23.8006125,170.55575,-255.7057
-32.5520933953,168.60946879,-239.29529140
-25.4875603816,194.426467742,-245.1149583
-22.3501625,187.589,-250.8497
-35.7086999309,158.538075787,-252.44345089
-22.4091793981,191.753722538,-252.53980461
-30.6997375,172.95775,-264.15712
-36.2058526376,159.760873578,-243.78023656
-23.1304460415,183.781695707,-257.77086339
-33.3343299596,185.953993504,-237.8918769
-44.0527751834,150.536529827,-240.86038813
-51.4058866741,145.569445211,-239.0563270
-21.1462534816,187.985179195,-251.01060334
-30.957453563,162.01654915,-250.66006779
-21.0444814157,185.621507763,-250.02002774
-21.6276609971,186.983514058,-243.26135206
-21.1609336641,183.275520217,-248.98142956
-31.9001549058,183.997156861,-238.12679542
-24.5332875,170.55025,-256.5962
-25.2659625,170.54475,-257.4867
-21.3992498458,186.71109689,-250.47556717
-21.7541495375,187.807290669,-250.94270153
-19.9739699411,183.691157118,-249.2796549
-21.9932684986,178.587786551,-251.88038585
-33.6271086897,185.610423334,-239.10571223
-51.0936815587,145.220866475,-238.79441525
-20.7838458013,185.493915876,-243.03908559
-25.8291229081,194.245387652,-245.3302299
-23.5675871843,185.471744886,-258.8618879
-23.7591994878,185.473445982,-258.75519214
-22.5263631245,182.05408712,-256.45459018
-31.3234648128,162.557164791,-250.69843249
-22.9404,192.1915,-262.4
-34.1661149857,186.843946309,-238.30847940
-23.197925,194.7525,-260.151
-22.571425,194.66025,-260.2892
-22.7856949502,191.692626871,-252.55069582
-23.721975,197.306,-257.65
-48.9402358964,147.162433279,-239.75913769
-49.8459574119,146.577271917,-239.50097026
-39.3980957475,156.89530239,-253.7290140
-22.0872304511,179.092041068,-253.28007915
-39.349049977,156.793608596,-253.73631696
-24.023975,198.31675,-255.8247
-21.3953395932,187.888467279,-250.99708619
-42.1507689314,153.265301495,-241.90506171
-42.9868948661,152.372282342,-241.62343039
-22.559865099,187.511219466,-250.83630540
-49.5342903564,146.20719462,-239.2285643
-23.2992471738,190.541942674,-252.18219853
-23.6055415215,191.467828021,-252.60459560
-21.396261287,185.322840531,-243.19193049
-23.0102875,191.6225,-252.5802
-23.9544423645,195.613881648,-254.23248359
-22.7171306573,182.044423689,-256.35145943
-33.4714125,185.770375,-238.4962
-45.0992356183,167.646627319,-233.03120621
-30.6309370744,169.014912548,-240.02899968
-23.184724696,185.49742908,-259.06203794
-23.4020926958,191.530218676,-252.57911616
-23.3299988628,195.675835608,-254.08861905
-35.7846034541,159.389555552,-243.45372325
-52.408,155.426,-259.28137
-23.1045386636,195.696347764,-254.02504407
-29.3146553796,172.027131581,-262.51428531
-26.4710798129,193.917614527,-245.76612802
-31.7162875,163.0805,-250.74462
-30.5657213727,168.936031803,-239.92358773
-48.886030696,169.250932668,-231.85588218
-49.6094504971,169.593809048,-231.63248727
-30.940825,192.540875,-239.62187
-27.2926198752,195.521743018,-246.3685853
-33.1566331773,161.428178993,-251.30444374
-49.7147123568,169.551242056,-232.07216442
-44.8785125,178.391125,-235.219
-45.1319,177.640125,-232.245
-48.752625,173.701,-232.1502
-37.2546368703,159.162219183,-252.58968152
-38.3143406216,158.631299416,-252.90720108
-53.918925,144.669625,-238.51337
-53.173875,168.039125,-231.91087
-55.788725,163.240375,-230.6252
-52.2513,150.2145,-234.96762
-52.471175,148.828625,-235.59112
-49.56190625,169.5906875,-231.4377
-43.033775,156.2525,-254.68237
-42.9506375,156.084125,-254.830
-42.77845,155.765375,-254.9592
-60.434575,142.84925,-247.5962
-58.5381,147.923625,-251.60
-47.9418111309,155.095517882,-256.87301590
-50.0898875,150.360375,-251.75512
-52.7084375,143.91525,-241.6182
-50.3605514864,155.270997915,-258.19179996
-51.1866796331,155.354998511,-258.60585711
-48.8234375,159.60525,-263.2717
-50.0031125,158.22175,-262.5252
-30.5626924681,163.655178874,-250.40176707
-38.5721,170.207625,-267.6107
-35.1389375,173.938125,-268.2242
-46.0551400994,167.90918681,-232.73007245
-46.7606202983,168.243560429,-232.51221736
-44.8801625,158.559875,-257.28262
-28.3050125,164.990375,-256.74
-58.95439375,143.6570625,-237.13912
-33.615,168.695875,-264.78387
-38.1520531632,158.353957435,-253.01882872
-41.3722251078,167.18491064,-234.7006657
-46.7830074141,168.229270234,-232.63247365
-27.79955,185.467875,-265.7137
-35.1221897773,158.819133297,-252.23515250
-29.8654767815,162.684774575,-250.28503389
-37.8764893689,157.812255974,-253.151535
-37.7538749424,157.558021489,-253.16979241
-44.8923008057,149.881780525,-244.58392173
-51.142,155.2175,-258.741937
-30.63064375,163.75325,-250.399812
-21.3743375,194.920875,-257.564
-51.2602935515,155.62457147,-258.24656818
-22.51650625,198.4943125,-251.895687
-46.4654,176.1516875,-231.6617
-53.6527,142.415125,-237.159312
-54.7757,142.485375,-237.035937
-60.89818125,149.1888125,-231.009562
-52.0125625,169.9656875,-232.276812
-52.4770875,169.1950625,-232.130437
-57.96609375,157.6435625,-228.800812
-61.88305,144.02575,-235.281
-44.2066625,155.98175,-255.069562
-44.9885875,155.80125,-255.327687
-41.8608875,156.52325,-254.295187
-41.81931875,156.4390625,-254.3692
-60.5926,144.0569375,-244.855
-59.8705125,143.659875,-249.78187
-58.9953,147.0193125,-250.639
-56.3649,151.9559375,-255.54
-52.46371875,141.5425625,-243.73812
-48.7357,161.914375,-261.587687
-43.36675625,165.3398125,-265.9
-42.99473125,167.7615625,-264.164687
-39.099147388,157.5725743,-253.38718619
-36.9806772387,158.610673367,-252.69276778
-33.5596642815,160.424149575,-251.55378389
-50.3328702983,169.936685429,-231.40909236
-31.1406050432,173.347528323,-262.97442849
-31.5284683477,173.617176108,-263.29414283
-40.6335375838,167.254262361,-235.68820460
-40.876553125,156.73484375,-253.98487
-40.8846836261,156.748597443,-253.97292817
-24.3796375474,184.076828066,-257.43448672
-34.3320273879,160.000787603,-251.81525533
-33.6276821638,160.53036281,-251.56576600
-29.0489107767,195.576373536,-245.04846283
-31.09635,193.12375,-242.67762
-33.8978199064,160.971707396,-251.54946624
-35.0024918449,187.264711667,-239.46185611
-28.90585,170.271625,-238.28262
-33.671375,174.923,-235.1417
-39.93125,167.35775,-233.95
-31.2113702308,173.354847032,-263.80679469
-50.3957,144.213375,-238.06512
-25.887824228,171.195648402,-256.45397397
-22.9443516699,183.59324035,-257.67611651
-51.8784125,150.277875,-232.6227
-50.30434375,169.9348125,-231.2922
-33.2903791135,161.589173123,-251.3311951
-32.6026907589,162.110042373,-251.09687318
-33.9780674681,161.068303874,-251.56551707
-44.35575,155.419625,-255.5227
-47.1249234266,154.941999702,-256.57009642
-48.7378171331,155.105998511,-257.37848211
-48.7552185515,155.22519647,-257.20969318
-52.7758625,144.19675,-240.4257
-55.70045,143.526375,-243.53337
-34.5836999885,159.077179298,-252.04390848
-52.0128077799,155.438999107,-259.01991427
-46.2868625,162.314125,-264.57
-36.2567625,172.704875,-268.0637
-42.0268390458,167.160818298,-234.01026553
-55.72710625,143.2659375,-237.37687
-60.03015625,143.7874375,-237.05987
-39.1664318979,157.729974461,-253.37449723
-42.1697751797,167.287517733,-234.35777618
-47.33459375,168.5583125,-231.8742
-47.5034123568,168.554117056,-232.49478942
-32.1408125,177.520875,-268.29737
-42.2478878085,167.303037352,-234.57544198
-24.3616625,189.568875,-264.26987
-35.503934666,158.636199946,-252.37072875
-23.0609010788,183.582805006,-257.61932762
-30.5934613025,162.239290959,-250.53505649
-21.4879747687,186.985145335,-250.59235076
-21.3105249229,186.437048445,-250.35878358
-38.8908936213,157.200953585,-253.5365211
-38.8173249654,157.048412894,-253.54747544
-44.3675466095,150.886866698,-244.07571352
-51.986,155.3565,-259.101562
-31.35440625,163.30475,-250.629687
-21.4519625,194.238125,-256.665
-52.1169361309,155.761142882,-258.60114090
-52.33225,149.82225,-235.061812
-52.8462797519,144.937661306,-238.40643254
-57.5000625,151.948125,-233.315562
-46.2370625,165.7818125,-231.479812
-42.384125,155.8518125,-254.81837
-54.1643,152.9401875,-259.3052
-51.305775,144.1318125,-248.60887
-29.8193875,162.8185,-253.726437
-44.12353125,156.640875,-258.8137
-32.80193125,162.40775,-251.089437
-33.52569375,161.95925,-251.319312
-32.0602833235,161.341682342,-251.03882909
-32.8099738025,160.882915959,-251.29630649
-34.3093547605,159.965383192,-251.811261
-38.0399123134,158.091623834,-253.03997698
-40.1583824627,157.053524767,-253.73439539
-47.8486905055,147.133922622,-244.08150928
-21.3492408994,186.422345509,-250.35650673
-31.2316599081,173.370974831,-263.77420966
-30.3149437564,194.073872149,-243.49142106
-29.726725,193.771375,-240.57237
-34.6390066355,160.515235799,-251.7944887
-25.4752680321,170.564556788,-257.68348189
-25.3853125,187.835625,-239.70437
-34.6004864081,186.781186112,-239.35776019
-25.9402767535,170.890327704,-257.34810024
-40.4622046686,157.618814089,-253.54002969
-23.6411017379,176.91596459,-241.64935338
-25.0978081016,175.263212962,-241.32395322
-28.625549463,171.605359166,-241.09314624
-38.331525,185.08075,-236.7147
-31.5942856522,168.054053749,-242.03917850
-32.8362311302,166.251943039,-242.80282694
-55.031975,164.956625,-231.32537
-55.5871375,162.969625,-228.64612
-60.154975,151.091875,-232.92212
-59.5282125,153.390125,-229.70962
-58.9193375,155.257375,-229.13187
-60.908125,146.98,-235.966
-26.3759163645,171.193028008,-257.04006886
-50.5572375,155.4575,-231.4402
-34.6657558227,160.547434625,-251.79983902
-44.4590625,155.610875,-255.445
-45.9674875,155.137625,-256.060
-45.93305,155.073875,-256.0862
-44.2171875,155.139625,-255.7702
-45.7390625,154.681875,-256.4327
-51.3051495649,155.766015752,-258.10710677
-47.9313702799,155.023999107,-256.97428927
-49.5442639864,155.187997915,-257.78267496
-49.568625972,155.354875058,-257.54637045
-53.9845,155.688375,-258.1
-55.3763,151.117375,-257.951
-21.7776372775,185.803191238,-250.05436937
-48.61,154.8005,-257.663062
-49.454,154.9395,-258.022687
-44.813725,151.176,-248.11437
-51.4212125,146.816625,-248.61187
-53.63835,143.504125,-243.44912
-39.6985625,152.891625,-244.42962
-23.8069875,196.050875,-259.0007
-29.8417259165,165.827071348,-250.58237636
-22.6727133346,180.778098651,-255.17187838
-22.3848855187,169.906252935,-254.49226862
-25.1445212868,170.287389257,-253.36496266
-31.2411541135,163.141298123,-250.6329451
-31.9196157589,162.627417373,-250.86412318
-47.4661004971,168.577934048,-232.29436227
-48.171580696,168.912307668,-232.07650718
-46.7081125,156.350375,-255.91812
-42.8687746641,167.293945617,-233.74197174
-56.80286875,143.3963125,-237.29762
-40.1808106326,157.105991487,-253.73016574
-22.6315223095,180.781556815,-255.19154815
-42.9673252516,167.390124827,-234.01488665
-48.07703125,168.9024375,-231.7287
-48.2238172996,168.878963879,-232.35710519
-22.3601366385,176.892858882,-252.76633724
-21.9446572757,190.4046754,-251.98550317
-33.0217375,176.365625,-268.40912
-40.5902975617,167.08540747,-235.08708839
-41.4190926851,167.194222411,-234.83126519
-43.0766829319,167.411852293,-234.3196187
-29.5941125,180.936625,-267.86487
-35.8856795547,158.453266595,-252.50630500
-23.2098730207,184.008847853,-257.94393169
-31.3214458235,161.793807342,-250.78507909
-21.1331407079,185.892253881,-250.13101387
-25.8505125,181.52725,-264.556
-25.4449751571,170.543406199,-257.70432364
-21.6041226983,186.941036526,-250.58552021
-22.7773,192.50625,-262.223
-30.9627706773,162.779303993,-250.57919374
-31.6841589482,162.33502559,-250.81767124
-39.9052978738,156.589651195,-253.9215070
-39.8807749885,156.538804298,-253.92515848
-23.4684416562,169.87861802,-254.03880870
-21.5668375,186.85025,-257.30212
-32.07816875,162.85625,-250.859562
-49.704575,172.2081875,-230.343937
-29.5001952536,187.936121125,-238.49155136
-44.8652,177.9378125,-232.3622
-60.6545625,148.61,-234.5652
-57.53355625,158.6119375,-228.772687
-53.4061375,167.6538125,-231.837687
-59.98486875,151.9896875,-230.142937
-52.17035,150.60675,-234.873437
-41.49786875,158.2824375,-236.470937
-42.57353125,156.2024375,-254.6767
-42.6428125,156.34275,-254.553312
-43.4247375,156.16225,-254.811437
-43.32774375,155.9658125,-254.9842
-43.172775,155.6789375,-255.10012
-61.72285625,141.763625,-241.040312
-60.3217625,143.011375,-248.03337
-53.6795,153.6693125,-259.8467
-39.87961875,154.2445,-250.5
-25.548036342,171.197472604,-256.04596096
-45.8787700497,167.825593405,-232.78453622
-27.4492399064,195.827557264,-246.48343901
-39.53,169.2365625,-267.29237
-44.66458125,163.9950625,-265.3
-49.70819375,158.567625,-262.71187
-48.52851875,159.951125,-263.45837
-49.11835625,159.259375,-263.08512
-38.8914,169.8839375,-267.50462
-35.41839375,173.6298125,-268.18412
-43.75416875,163.9255625,-261.42337
-47.3317555654,154.998258941,-256.62050795
-56.215975,143.5319375,-243.554437
-55.184925,143.5208125,-243.512312
-43.961425,155.5060625,-255.38187
-49.5611375,165.5515,-230.549
-38.1164625,163.2960625,-236.528312
-31.4315025216,173.549764162,-263.21421424
-40.062875,167.723625,-233.857
-44.3318,178.5331875,-232.5957
-21.82185625,183.50175,-239.449187
-25.3717505849,181.213642276,-240.45178579
-26.5124588291,173.168453126,-240.59526190
-48.083225,174.1968125,-230.999062
-47.25095,146.3523125,-239.049937
-54.3351875,166.1125625,-231.544937
-51.68465,152.96025,-234.308312
-26.057718171,171.194736302,-256.65798048
-44.750075,155.3331875,-255.66362
-46.9233117133,154.921499851,-256.46904821
-47.3158800025,154.96141614,-256.66580425
-34.7404448887,159.002066649,-252.09957625
-45.96240625,162.6503125,-264.7
-35.97730625,173.0131875,-268.10387
-36.53621875,172.3965625,-268.02362
-45.8843811442,167.824059399,-232.80421965
-27.0811875,184.8750625,-266.66187
-21.3548873844,186.574072667,-250.41717538
-34.18995,175.6876875,-235.1047
-60.8574125,147.306,-235.6862
-61.24255,147.63825,-232.106
-52.9124375,149.480625,-235.031
-52.489525,155.9589375,-233.1952
-21.7334644206,185.816728841,-250.06557740
-44.66215,153.6875,-251.10412
-53.122825,143.4985625,-243.428062
-54.153875,143.5096875,-243.470187
-21.4129613492,186.552018263,-250.41376010
-23.11999375,177.2388125,-238.918
-35.425753539,188.186763877,-239.72494973
-32.0560052593,191.407365894,-238.78726236
-34.8243033177,160.401117899,-251.85574437
-25.9086592242,170.868269415,-257.3698995
-26.8474871075,170.70017342,-239.23791819
-47.542775,174.8596875,-231.217437
-60.2779875,150.6659375,-233.043062
-55.37086875,163.4538125,-228.632062
-59.37599375,153.8569375,-229.565187
-61.11445,148.36075,-231.471
-26.227612114,171.193824201,-256.86198698
-45.59038125,155.2559375,-255.9067
-44.08195625,155.7291875,-255.2917
-34.8356851021,160.418726707,-251.85774048
-44.83616875,155.4925625,-255.5992
-46.34459375,155.0193125,-256.2142
-45.538725,155.1603125,-255.94537
-46.327375,154.9874375,-256.22712
-45.35859375,154.7963125,-256.26712
-46.11953125,154.5674375,-256.59837
-43.83671875,155.2540625,-255.60462
-44.59765625,155.0251875,-255.93587
-60.9254181585,143.863843523,-242.55251725
-59.891,145.3234375,-247.819
-61.4498875,141.390125,-243.66212
-55.1339,151.4819375,-258.2222
-56.5883,149.2945625,-256.5977
-39.28738125,153.3703125,-244.502312
-38.86888125,154.3375,-248.9757
-36.86825625,156.5275,-249.5287
-54.3618375,141.0565625,-242.78787
-30.0791629583,165.663535674,-250.39168818
-50.88786875,157.184125,-261.96537
-47.26023125,161.3055625,-264.1
-40.8072,167.9418125,-266.86787
-42.723,165.9996875,-266.23112
-40.4344053163,156.949995744,-253.81908287
-29.7640909472,180.676206494,-267.9404525
-27.0460494259,184.867493971,-266.68151805
-23.1701595311,183.89527178,-257.85739754
-23.1693423237,184.012476802,-257.96368034
-21.0916507236,185.905185596,-250.14162694
-40.1588989369,156.436825597,-254.0177535
-40.1451117073,156.412133311,-254.0190373
-36.2674244433,158.270333244,-252.64188125
-37.0309142207,157.904466541,-252.9130337
-59.4975372333,145.776778052,-249.7528663
-31.4616208585,173.573791465,-263.16546258
-34.931317333,158.910599973,-252.16736437
-31.6810877915,191.351298887,-238.8787616
-47.02411757,154.931749777,-256.51957231
-39.57900625,154.45325,-241.8
-46.9286984638,154.934001013,-256.45367868
-60.9583859654,143.997119602,-241.98909771
-21.7559313636,198.269895808,-254.15396486
-32.158307889,191.302048841,-238.72639354
-59.5919862154,145.863205114,-249.08272243
-61.146475,148.180125,-231.6302
-55.479003125,163.21171875,-228.6390937
-42.0387847734,151.658954861,-240.94952526
-35.6933043198,158.374475169,-242.87473096
-53.3697543274,142.601955918,-237.00866847
-46.5245375,154.94421875,-256.297562
-59.75945,145.56090625,-248.3752
-60.0104448616,145.107820457,-247.31488972
-60.9128528293,143.813046761,-242.76725862
-61.5054927759,141.310213595,-243.44666610
-57.0935330722,150.780886439,-254.66390836
-59.6657966435,143.982383446,-250.41078192
-52.804840625,154.9359375,-260.752312
-42.88265,165.83784375,-266.178062
-40.4203279104,156.925165476,-253.82025912
-23.1093634855,183.900715202,-257.88702052
-47.0321976958,154.950501519,-256.49651802
-55.5330703125,163.090671875,-228.64260937
-55.3168015625,163.574859375,-228.62854687
-61.0984375,148.4510625,-231.39212
-46.5315997978,154.960641627,-256.29049424
-61.4768891639,141.351320393,-243.55749916
-39.7555406819,154.252707837,-241.82250360
-58.8030382054,155.614032537,-229.02152079
-55.3438351563,163.514335937,-228.63030468
-59.5222431077,145.989102557,-249.37736121
-57.1531078763,150.663051268,-254.53783963
-58.7829432456,155.675658181,-229.00245306
-23.6479175779,192.923796172,-253.16307847
-23.4650450732,192.96978207,-253.16478155
-22.9754777256,180.390145534,-254.55553957
-26.5132577885,170.806663673,-259.06138962
-27.4852542923,171.091041514,-260.34500572
-53.8964556146,143.851404387,-238.01089634
-25.7759945927,170.446171616,-258.81715241
-26.495254303,170.951114766,-258.28251257
-27.2555610939,171.137676155,-259.4672822
-26.6507996266,170.716749407,-259.8998653
-54.8216426912,143.926678833,-237.91986725
-55.7075371345,144.025026076,-237.84900265
-56.5536668478,144.07310128,-237.7529566
-57.3647210656,144.158951716,-237.68545947
-58.1488091277,144.206031223,-237.59803572
-58.8979068602,144.295024492,-237.54168695
-24.2878348183,190.136516987,-244.38658268
-46.5206285667,148.702010758,-240.43356771
-46.5342972971,148.716842977,-240.44492793
-40.8986033824,154.494181806,-242.26303232
-40.9610671979,154.5359551,-242.30578755
-52.0504321317,145.153022402,-238.87260542
-38.2783981132,167.150956252,-235.94769677
-38.3598807591,167.267920087,-236.10813518
-24.0374679346,192.773481684,-253.2002463
-47.7335606758,147.94203242,-240.10308915
-47.6680167938,147.870909412,-240.04861497
-22.7714511454,188.906953642,-251.44322611
-22.5971503026,188.961873245,-251.47776400
-41.9417374477,153.488556283,-241.97546954
-41.8227779587,153.409000947,-241.89404415
-47.3402021563,147.501018731,-239.77886580
-47.3940937148,147.560887126,-239.82441506
-22.259192553,187.471482111,-243.50658643
-22.512677577,187.271787608,-243.55932769
-22.05034989,187.649783773,-243.41272454
-21.8257367809,187.827870027,-243.36288452
-27.0242416443,179.821440288,-238.25623259
-27.0877527941,179.790939637,-238.63602045
-27.1324503338,179.761007624,-238.85544868
-24.2233207608,193.335289011,-253.45654780
-22.1936013218,189.164644095,-251.52112701
-22.0532033557,189.210410086,-251.54860715
-25.6210302606,170.936983113,-256.84230072
-25.5261776726,170.870808246,-256.90769873
-38.7564680606,156.70574244,-242.88528830
-38.8240506877,156.764434067,-242.93666085
-30.0684669556,182.367466326,-237.80884652
-38.8471868307,158.283731903,-243.77143288
-30.5268535541,168.583149867,-239.51788589
-26.5436989549,196.173046489,-245.82705888
-26.4370693622,196.240819043,-245.76008148
-33.4956456526,160.965892578,-243.04807446
-55.45375,164.155,-230.85
-20.5192982241,183.121705137,-243.25418835
-20.6830551348,183.042079877,-243.30038711
-34.9210905048,160.928039108,-244.02830048
-34.8172350864,160.838558715,-243.94777912
-30.2058625,182.2555,-238.405
-30.1713858648,182.311721331,-238.21122684
-51.5903980915,145.45023754,-239.0037338
-40.8324607369,154.673312439,-242.34910591
-40.7774058426,154.636493933,-242.31142194
-38.5664023924,167.39897648,-236.44931578
-23.0483891944,193.141094244,-253.12447441
-22.9000840086,193.179388675,-253.12558755
-39.2238502737,156.357918393,-242.83577159
-39.181933307,156.321515916,-242.80390865
-51.2773734029,145.104679827,-238.74327372
-51.3600478736,145.19661668,-238.80992570
-44.9437979063,149.600100298,-240.56660362
-45.0212265108,149.6533305,-240.6170238
-53.4935268385,144.16944751,-238.26745785
-26.0751917108,171.04052073,-257.09889901
-48.2959901993,146.823281153,-239.46559301
-48.3918646552,146.929788554,-239.54662631
-41.3833935416,153.924933295,-242.06947383
-41.475493042,153.986525747,-242.132514
-36.7192598934,158.738773875,-252.60707716
-52.3168126841,144.503591858,-238.4889277
-52.2845026827,144.467662026,-238.46287952
-51.9758737444,144.123513776,-238.20317325
-52.024838908,144.179200274,-238.24341112
-47.2660143433,147.641898413,-239.86007355
-47.2175119406,147.588016858,-239.81907922
-52.4351936668,143.839002618,-238.07826752
-52.4618516597,143.869319892,-238.10017413
-24.7505150897,192.226513964,-244.68711806
-24.8479342303,192.142786255,-244.72577482
-20.1075135125,183.27993098,-243.17352489
-19.9281719219,183.367173988,-243.12241048
-45.2600714879,149.267709313,-240.46232314
-45.3165607353,149.306544237,-240.49910803
-52.7540828452,144.186858768,-238.34222211
-52.9123862395,144.24929302,-238.40329237
-52.744790914,144.176525821,-238.33473098
-22.3391489942,189.785002884,-251.78833005
-22.3891676507,189.768698137,-251.77853989
-22.4213253494,188.234539411,-243.54557751
-22.2720147056,188.352921519,-243.51244656
-36.501626597,167.582890111,-237.22531499
-36.423512562,167.520541047,-237.06045911
-60.4174228687,144.428477364,-237.39833708
-24.4142497635,189.206621107,-260.9256774
-24.2256441557,189.187235526,-261.02410342
-31.2949106737,173.434389146,-263.47283080
-48.1488218476,147.522642176,-239.88730320
-48.236103651,147.617353446,-239.95984398
-32.9332228263,161.334946289,-243.37053723
-47.4630714077,147.761230054,-239.95689183
-40.4613562271,155.007604546,-242.43760867
-40.4970907069,155.031502333,-242.46206820
-23.8344882647,187.176283036,-259.94493039
-23.9507400372,187.173149783,-259.88746866
-22.9507636993,193.326570668,-253.18606223
-23.0761551823,193.294192869,-253.18512107
-51.4231714551,144.465867679,-238.35347303
-51.4989789647,144.552081109,-238.41576901
-57.8684653609,149.248119695,-253.02404180
-46.8494412938,147.849011238,-239.9397194
-46.8817762289,147.884932275,-239.9670490
-44.6833714201,150.050045457,-240.75191672
-44.5819887058,149.980347412,-240.68589793
-23.1661459158,188.760557888,-251.41792116
-23.114771695,193.802876331,-253.38176845
-23.1660105851,193.789645747,-253.3813838
-34.9947086353,160.102888881,-243.60480814
-25.5272394988,192.182834142,-245.12369383
-25.4566657929,192.243215151,-245.09666659
-36.8840797448,159.133936153,-252.57424309
-36.9931333227,159.293234481,-252.51132708
-52.4471891873,144.409154697,-238.44518600
-52.4217422553,144.380856834,-238.42467074
-51.7953066716,144.881340504,-238.66389486
-51.7355443922,144.814882795,-238.61571464
-22.685575,195.4411875,-253.8352
-25.1500004176,192.716053179,-244.8943472
-25.1831021101,192.687603648,-244.90748224
-52.6039927417,144.593349571,-238.58456168
-22.7283168561,193.497294073,-253.18755384
-39.0661221915,156.426101902,-242.82606009
-39.1150253193,156.468571458,-242.86323352
-25.7145008317,171.060438617,-256.61679174
-45.574905352,148.936831413,-240.35851736
-45.6105505608,148.96133659,-240.38172895
-47.8309630188,147.153026223,-239.61801212
-47.9064112007,147.236841976,-239.68178109
-24.2264671747,186.70396131,-259.38980991
-23.8372774319,186.669314745,-259.58376466
-23.6403317163,186.674622886,-259.68111235
-21.9268867581,189.547891437,-251.66284087
-23.9733831801,190.405553548,-244.26615877
-23.8514619927,190.523014673,-244.18554882
-45.4851729107,149.031136649,-240.38810359
-45.5267589876,149.059726022,-240.41518377
-22.8303978593,189.436538023,-251.68733892
-22.9306386454,189.404953642,-251.66747611
-47.1252857002,148.264032273,-240.23070314
-47.1662918912,148.30852893,-240.264783
-22.9156556367,187.91523415,-243.72337285
-22.7460627135,188.048838786,-243.68808656
-47.5478155304,147.957976221,-240.08894291
-47.607924932,148.023202163,-240.13890044
-38.8371965668,156.318411293,-242.69836462
-26.3182399242,195.564842373,-245.67030221
-26.1419478228,195.676891624,-245.55956760
-25.0472006264,192.590079769,-244.84102081
-25.0968531651,192.547405472,-244.8607233
-39.4679276974,156.478294715,-242.97581597
-24.9292692252,192.274996776,-244.76986965
-24.8474579624,192.345310161,-244.73740624
-40.558782265,154.893205303,-242.39871011
-40.6004724914,154.921086055,-242.42724624
-52.8011312223,143.612334206,-237.97875584
-52.9663191711,143.685117088,-238.04665258
-52.8100172199,143.622439964,-237.98605804
-40.7880633275,155.097356673,-242.57702268
-38.0569225891,157.544448873,-243.13024531
-37.9400931646,157.442989233,-243.04143809
-52.3617179579,144.184714678,-238.29050190
-46.0007662692,149.153335561,-240.60827163
-46.0155309332,149.163266854,-240.61783082
-46.2699609021,149.192096734,-240.7096630
-39.2456438964,156.671828569,-243.01413707
-53.001999425,143.312325027,-237.81078364
-53.5327950121,143.472854773,-237.83097272
-40.2228561853,154.896221232,-242.31196885
-52.1140493168,144.0379253,-238.16559830
-52.1563038938,144.085980065,-238.20032165
-40.4141604994,154.712381461,-242.25860533
-45.3797640748,149.232329845,-240.47387331
-45.3277559787,149.196575598,-240.44000648
-47.1346331518,148.00838164,-240.07283487
-25.09045,193.0645,-244.83
-22.6649252569,188.815185637,-243.64412348
-22.7479383503,188.749368059,-243.66254349
-38.3687820298,157.055851544,-242.95944184
-38.4597513332,157.134853155,-243.02859164
-52.4903620416,144.337454238,-238.4055663
-52.5123774388,144.361936116,-238.42331512
-45.8919994038,149.269503341,-240.64490744
-45.9141463999,149.28440028,-240.65924624
-19.546331607,183.540033665,-243.04346676
-45.7802034884,149.093042569,-240.50858405
-52.8946931197,144.43414651,-238.52014618
-23.5454058445,190.025518574,-244.0196239
-23.613602916,189.959816255,-244.06471346
-39.8779043683,156.257574876,-254.05832521
-52.6972316036,144.440479982,-238.49826317
-53.222294211,144.385202059,-238.44119712
-47.3242905397,148.206450418,-240.21974776
-47.2764499836,148.154537652,-240.17998
-22.0469048419,189.794963907,-251.76565553
-24.8862025059,192.794411951,-244.72847939
-39.0510017888,156.86132786,-243.05865239
-46.9721315094,147.762013111,-239.89950606
-47.0098556004,147.803920988,-239.93139054
-47.6727964925,148.213703592,-240.26497
-34.4711583184,161.336788187,-244.11517411
-34.3932514462,161.269664703,-244.05477122
-45.0342502064,149.50503852,-240.53678005
-45.1056902835,149.55415176,-240.58330068
-24.7385298654,192.579511625,-244.6543283
-41.0710138893,154.733704135,-242.44697058
-25.9598433135,171.075122471,-256.86779784
-40.5767205504,154.518436592,-242.19197226
-44.3503513056,150.441083106,-240.88487913
-44.225357284,150.355152887,-240.80348504
-47.0018960334,147.468869145,-239.72038099
-22.90965,194.1205,-253.435
-52.3748102697,143.931039874,-238.1287031
-52.343709278,143.895669721,-238.10314544
-26.1063869052,171.109925887,-256.94679282
-25.1349918231,192.203493003,-244.900061
-22.8337875113,193.859481489,-253.33167314
-52.651886371,144.235288731,-238.36059647
-52.6658242678,144.250788152,-238.37183317
-52.6953708826,143.960016431,-238.18880612
-52.5450217213,144.090561327,-238.25351045
-46.6528532213,147.684210455,-239.81476159
-52.6216949791,144.282752844,-238.38663870
-52.6054340994,144.264670187,-238.37352922
-52.5124723015,144.196563524,-238.31762121
-52.7832921029,144.327610654,-238.43681004
-52.6803554554,144.353410764,-238.43990785
