   1    0  0    5
   2    0  3    5
   3    3  0    1
   4    3  3    33
   5    1  1    1
   6    1  2    10
   7    2  1    1
   8    2  2    10
   9    0  1.5    5
  10    1.5  3    1
  11    1.5  0    1
  12    3  1.5    1
  13    0  0.75    5
  14    0.12109106450119461  1.0416704630940414    0
  15    0.4375  1.125    0
  16    0.40625  0.71875    0
  17    0.3046875  0.7265625    0
  18    0.203125  0.734375    0
  19    0.3125  0.828125    0
  20    0  1.125    5
  21    0.75  0    1
  22    0  0.375    5
  23    0.5234375  0.9140625    0
  24    0  0.9375    5
  25    0.492919921875  1.0246039496527777    0
  26    0.6699066968725631  1.678054938214018    0
  27    0.43229166666666669  0.8359375    0
  28    0.59505208333333348  0.73828125    0
  29    0.38671875  0.98133680555555558    0
  30    0.52994791666666674  0.81423611111111105    0
  31    0.67643229166666663  0.87391493055555558    0
  32    0.19779092219891911  0.85127517410126108    0
  33    0.25198993396869895  0.9747948801423898    0
  34    0.1051230784050286  0.788475019265372    0
  35    0.099703861552226158  0.8962419749185343    0
  36    0.32227219769246196  0.91797355807406389    0
  37    0.092674324768495436  0.65963965672421743    0
  38    0.1978342556004887  0.58417502225465789    0
  39    0.16255551436348556  0.96128568042504314    0
  40    0  0.5625    5
  41    0.59577779485619009  1.1468771125448118    0
  42    0.96655273437499978  0.60761176215277857    0
  43    0.26079649039830816  1.1535775772693586    0
  44    0  1.03125    5
  45    0.21613990431999636  1.0661690437818021    0
  46    0  1.3125    5
  47    0.23836929156388312  1.4080724126408795    0
  48    0.12609224001818015  1.1785850182712978    0
  49    0.21416678072155873  1.2777039723002859    0
  50    0.034591408039113175  1.21875    0
  51    0.36951817811419402  1.2652420352137013    0
  52    0.11810960846962897  1.3629674809211301    0
  53    0.29652496504342996  1.3298452038528967    0
  54    1  1.5    1
  55    0.37372338416728579  1.4479667049926999    0
  56    0.13609526319675708  1.4978856318180351    0
  57    0  1.40625    5
  58    0.48093314054671976  1.3540886671277472    0
  59    0.47626616616190981  1.4569153128573635    0
  60    0.48504832138763126  1.2346468670467352    0
  61    0  1.875    5
  62    0  2.25    5
  63    0.54407612064620148  1.5343550300233684    0
  64    0  1.6875    5
  65    0.21778226644471796  1.6319277289529692    0
  66    0.2476701059736352  1.5218020780405157    0
  67    0.38949582318941306  1.619411809819201    0
  68    0.069520550557900671  1.59375    0
  69    0.34144824146996988  1.537383983114907    0
  70    0.63448449924368799  1.0099171853928905    0
  71    0.81688264901060248  0.99170487278671382    0
  72    0.72184754031300713  0.96239276309184152    0
  73    0.7368656805237167  1.1128009537817203    0
  74    1  1.125    1
  75    0.71974079112222578  1.3510136483984541    0
  76    0.60265286431780907  1.4146537123739895    0
  77    1  1.25    1
  78    0.60967641107685733  1.2781439660459193    0
  79    0.73620662000199177  1.5208401580620234    0
  80    0.71984501372678589  1.2312992473582596    0
  81    0.85654315589628849  1.2912755017888908    0
  82    0.6386541082631968  1.5064543376914032    0
  83    0.79419616529607129  0.71102570360013528    0
  84    0.33937808690287391  1.0788770453982122    0
  85    0.5232622972462122  1.6795222358920596    0
  86    0.47901154933684759  1.5991019120691481    0
  87    0.59595493543556166  1.6158690529084989    0
  88    0.60053718991597393  2.073827902889136    0
  89    0.59849275817995196  1.8695036754384768    0
  90    0.59739759854005481  1.760051428432895    0
  91    0.36540386631371513  1.8519182731667561    0
  92    0.47747271640212946  1.7960653297749349    0
  93    0.37741620862315528  1.7356615561698463    0
  94    0.82045374109113722  1.0810491018704633    0
  95    0.33673097414673392  1.9862964888189567    0
  96    0.70045668548669782  0.76726939148575923    0
  97    1  1.375    1
  98    0.83378464043523337  1.4256678173508881    0
  99    0.90734102890825996  1.369000975813975    0
 100    1  1.75    1
 101    0.90678710891376457  1.0323697277258361    0
 102    0.77470593220816653  1.6296631636081229    0
 103    0.81974248400258842  1.189382124757975    0
 104    0.92069660921219998  1.1875    0
 105    0.54069010416666674  0.34147135416666674    0
 106    0.1103758947582885  0.46875    0
 107    0  0.46875    5
 108    0.13990393869812492  1.78125    0
 109    0.14920472740652521  0.31118501367663615    0
 110    0.090510840270086643  0.3802878436449178    0
 111    0  0.1875    5
 112    0.375  0    1
 113    0.24351832241862775  0.45871345734010582    0
 114    0.24038939549390956  0.35680261745873376    0
 115    0.40684848123936573  0.53743820213769922    0
 116    0.29999819115355975  0.55032756418566342    0
 117    0.27820272271843044  0.16727489767626597    0
 118    0.048152271962287302  0.28125    0
 119    0.26329802224770349  1.7826191318684621    0
 120    0.19932850075573333  1.9867435829075333    0
 121    0.20056785055954496  1.875046209731589    0
 122    0  2.0625    5
 123    0.10027130753635252  1.9297889212779091    0
 124    0.038540907652778005  1.78125    0
 125    0.12653544202186071  1.6793080502792963    0
 126    0.34407132647551752  2.2876469620155104    0
 127    0.96785542937385183  0.80512036544031795    0
 128    0.90763982260245324  0.91076880378584069    0
 129    0.79948551358659048  0.84560674051724605    0
 130    0.87165042883627963  0.77537603090810292    0
 131    0.7878612620938249  1.9697812298364703    0
 132    0.47348218023349198  1.9729268507944739    0
 133    0.50618229235360535  1.8851888853594663    0
 134    0.57790485389196455  1.9718820161674144    0
 135    0.68257126833853221  1.9396707976575405    0
 136    0.73215205150988383  1.8061561701899818    0
 137    0.44144077091450573  2.1437181370410174    0
 138    0.28893027085893619  1.9058488943040774    0
 139    0.41196740225617146  2.0497875489752957    0
 140    0.28341672924647066  2.141713288736145    0
 141    0.26823516434944822  2.0496525277411619    0
 142    0.14305160672374564  2.1175784719805808    0
 143    1  1.875    1
 144    0.44840203912973697  2.4909757237537824    0
 145    0.36176897950978282  2.1947194539711861    0
 146    0.094710413826837522  2.0298234082990878    0
 147    0.046032991405107193  2.15625    0
 148    0.79248858513419751  1.8769096202515532    0
 149    0.83105204179982795  1.7366252073648765    0
 150    1  1.625    1
 151    0.84692368291266085  1.5367474012971933    0
 152    0.91994443476316112  1.6875    0
 153    0.90068133633656056  1.9375    0
 154    0.89947164569898819  1.8254141066637508    0
 155    0.75  3    1
 156    0.55377305971879343  2.1834018959554014    0
 157    0.76693445766346402  2.2096091680584498    0
 158    0.66413661982864014  2.1657369741374968    0
 159    0.71633491168008145  2.0616573233944973    0
 160    0.63955002923033077  2.3657162776690277    0
 161    0.42414892021667161  2.3749891997884842    0
 162    0.68070912684044182  2.269275551472949    0
 163    0.58392920337345167  2.5528800407725458    0
 164    0.20391803793759045  2.4575095987498905    0
 165    0  2.4375    5
 166    0.56564141712443217  2.2891537254410839    0
 167    0.70032785220095006  2.6458913909650632    0
 168    0  2.625    5
 169    0.46252041225445467  2.2628789142774823    0
 170    0.82716243103741849  2.3887824111785338    0
 171    0.19014324704981389  2.3446412037162392    0
 172    0.53366894128465003  2.4126172061788185    0
 173    0.12353973286973093  2.2524837766669892    0
 174    0.23262762694709943  2.23917036923477    0
 175    0.30826510462086071  2.400854730656222    0
 176    0.059909983108852607  2.34375    0
 177    0.1029623714924178  2.4372796229216709    0
 178    0.12822422200081343  2.5732324448301238    0
 179    0.036712698017261319  2.53125    0
 180    0.30783707942891708  2.6080995196448402    0
 181    0.29696026505531109  2.5044542191302366    0
 182    0  2.8125    5
 183    0.72354023170563375  2.4975033938163258    0
 184    0.20593280743907266  2.6529863291845492    0
 185    0.044693092702798851  2.90625    0
 186    0.375  3    1
 187    0.22347273378243909  2.776041430600642    0
 188    0.94916804298397051  2.6088079792922678    0
 189    0.62971717910708946  2.4646406831877044    0
 190    0.73050946262754912  2.4004040222126695    0
 191    0.3974655311925539  2.5727554976370528    0
 192    0.49605297806386234  2.5659605059629422    0
 193    0.57984740308814586  2.677327157933906    0
 194    0.41616068731494443  2.7514801353128187    0
 195    0.32946629223473745  2.8675675664989635    0
 196    0.6590620683550994  2.7343305521182404    0
 197    0.80239398025727027  2.7473624331174986    0
 198    0.82415954657037627  2.6234013476918561    0
 199    1.0479778102074233  2.4571593236485096    0
 200    0.87389307656541004  2.5067092012477667    0
 201    0.97020456009469502  2.5144996650573579    0
 202    1.5  2    10
 203    0.9375  3    1
 204    1.125  3    1
 205    0.99871532272709596  2.808312476360812    0
 206    0.80600436484993854  2.8798629060910721    0
 207    0.89017516687060305  2.8112699881160212    0
 208    0.90073723596794075  2.7045219344128086    0
 209    0.94683137168213494  2.8973616648323022    0
 210    1.0613862369193878  2.9044668149078792    0
 211    1.2890769970609322  2.6875630479025014    0
 212    1.3125  3    1
 213    0.84375  3    1
 214    0.1875  3    1
 215    0.080590260600454405  2.71875    0
 216    0.10913832750848414  2.8248046395048738    0
 217    0.20353172033265715  2.8877067555332152    0
 218    0.5625  3    1
 219    0.47681925506418044  2.6676399313350285    0
 220    0.32068802650980893  2.7705964195736277    0
 221    0.28125  2.9581896311684654    0
 222    0.72445236990063155  2.809869647789133    0
 223    0.59046702122463013  2.8597818033904856    0
 224    0.68613411962373005  2.911800014911142    0
 225    0.46875  2.9084030673716477    0
 226    0.50024146075237008  2.8105758391754931    0
 227    0.76172653753060793  0.46157221236824353    0
 228    0.51100380747178098  0.62843888888389587    0
 229    0.54298540609964852  0.48672806465773905    0
 230    0.66925623303891923  0.59442546276637631    0
 231    0.64526205492812616  0.41246543038692324    0
 232    0.58118480004942685  0.56981323423635    0
 233    0.70723342264744082  0.20867106533187585    0
 234    0.67655884717963466  0.50090048925873032    0
 235    0.64459070849672295  0.30094173309026506    0
 236    0.5625  0    1
 237    0.77982275127161904  0.32535154144983325    0
 238    0.60882877450311568  0.20926343817250587    0
 239    0.65731327070155388  0.089722083005240358    0
 240    0.76535027925231325  0.10859320063453028    0
 241    0.94797993059636454  0.41700268546185337    0
 242    0.9375  0    1
 243    1.125  0    1
 244    0.91401532437656041  0.2831719159479682    0
 245    0.84628789864367393  0.40349342336846789    0
 246    0.86921491738692191  0.52747370597575571    0
 247    0.82756017378940205  0.19891508789813669    0
 248    0.86433439173834947  0.6325853027144801    0
 249    0.77418459771609116  0.57573037692946649    0
 250    0.96457862887631107  0.14480554917886998    0
 251    0.44119662265558102  0.20653042323582474    0
 252    0.84375  0.042129419171282476    0
 253    1.03125  0.057403381275020447    0
 254    1.2316100266647954  0.27937022148390034    0
 255    1.1106761205328917  0.1871204577706323    0
 256    0.87750209901626741  0.12484341285483375    0
 257    1.0533218734928775  0.31904290888206266    0
 258    1.000355906347014  0.2363015339181192    0
 259    1.1375791901336691  0.27724557734078314    0
 260    1.1802824289660281  0.46915295960279912    0
 261    1.0653592306714168  0.43760749098330526    0
 262    1.1439125245923345  0.37654113787688531    0
 263    1.0917294410131184  0.56664916683457145    0
 264    0.99234833530631561  0.50888886007637113    0
 265    1.0680754038259075  0.80592474622049559    0
 266    1.0679420986739185  0.70570163243257411    0
 267    1.201934428268552  0.75563505693715438    0
 268    1.3278033580016069  0.68778003648319852    0
 269    1.1900333567226937  0.56697260929930715    0
 270    1.3182793730351998  0.50479287456864619    0
 271    0.39048526600160699  0.34806978527922378    0
 272    0.46868406352826247  0.41525566158252131    0
 273    0.37747936802129545  0.11307911992457537    0
 274    0.46875  0.054511182669849195    0
 275    0.55453130993964905  0.11763802383528507    0
 276    0.52433637597298421  0.24937984114358772    0
 277    1.3125  0    1
 278    0.31077542829846799  0.27230958357023194    0
 279    1.2091258347394767  0.18345221837126918    0
 280    0.1875  0    1
 281    0.97493706262524604  2.2393996349113747    0
 282    1.1131439673419741  2.6739891047106426    0
 283    1.0701843017912298  2.5686928000794129    0
 284    1.2125850099382607  2.4823631818183656    0
 285    1.0086052041858391  2.7008356051964499    0
 286    1.1956386939204038  2.7516963886033761    0
 287    1.1352623447903891  2.834013298824686    0
 288    1.1384399914004455  2.4164772984649079    0
 289    1.0478954379443037  2.3360574794808144    0
 290    0.94571189782544374  2.3966779338009867    0
 291    1.1860866409195834  2.1322898489962325    0
 292    1.2072494071855882  2.6012089485817369    0
 293    1.2611989101000849  2.3529925974917334    0
 294    1.3529997715745141  2.2496840247084902    0
 295    1.4230702097985548  2.824520056383939    0
 296    1.2690139254510915  2.8688146962730801    0
 297    1.21875  2.958276638828139    0
 298    1.364263407125214  2.910041000457511    0
 299    1.3279080806911154  2.7835975634932697    0
 300    1.44461045459393  0.43880940737113988    0
 301    1.273660606370705  0.39257524970623237    0
 302    1.5  1    1
 303    1.50888401557893  0.71579437507162802    0
 304    1.4408939760053581  0.58562153633855185    0
 305    1.2844176121765221  0.59829671702364462    0
 306    1.767159713275422  0.19324695272054213    0
 307    1.4219698956337821  0.67834791308008902    0
 308    1.25  1    1
 309    1.5921706954977817  0.58945103389367404    0
 310    1.5183905750458557  0.51413022063240699    0
 311    1.578508643321842  0.30313515308002653    0
 312    1.5493622368847104  0.4099962084838672    0
 313    1.4426172196237239  0.22674121247318441    0
 314    2.25  0    1
 315    1.4717104956070168  0.33251122863316229    0
 316    1.3488779748532107  0.30022291388665617    0
 317    1.7270630753130958  0.64146197944930938    0
 318    1.3385435588090804  0.19050793142946709    0
 319    1.682413260441582  0.50395748271640339    0
 320    1.42759466202473  0.1023076510821751    0
 321    1.6576773405404517  0.38213383112451632    0
 322    1.7655771328853815  0.41156355358310998    0
 323    1.8564682621292687  0.57699966321027274    0
 324    1.75  1    1
 325    1.278484935870795  0.10168417988782767    0
 326    1.7821766597576223  0.51012971405627838    0
 327    1.9151996168893861  0.43704647475431835    0
 328    1.875  0    1
 329    1.8201353183748614  0.66618161099317197    0
 330    2.0583053403427449  0.71122062175594114    0
 331    1.9346560090280822  0.71283762059668954    0
 332    1.9982768055022255  0.84937638999048359    0
 333    1.6260824621335803  0.70242931811627252    0
 334    1.5847366247645616  0.86040712599424796    0
 335    1.7374439208377492  0.30219557899118021    0
 336    1.890254013247026  0.28534779653035602    0
 337    1.6875  0    1
 338    1.6604032655129894  0.2226558898481947    0
 339    2.0130481078183959  0.56040849400835391    0
 340    2.3096911154683295  0.753774779394771    0
 341    1.8162327490424599  0.83963859786256889    0
 342    1.8512629463565204  0.75365433936690995    0
 343    1.729455079520243  0.75953497591074148    0
 344    1.7027702471553823  0.87549882906277643    0
 345    1.8496500660458184  0.36992517176789097    0
 346    1.9017674477786377  0.14165069589079721    0
 347    1.6876222588833585  0.11299163020403032    0
 348    1.5563361160024973  0.13861606863202919    0
 349    1.78125  0.056394442135921173    0
 350    2.0625  0    1
 351    1.5327030489574276  0.22555479632039618    0
 352    2.1239657648226768  0.23176367431661718    0
 353    1.96875  0.055638694004674846    0
 354    2.0713349241618504  0.12168936828167641    0
 355    2.15625  0.054358939257408707    0
 356    1.9991469836200595  0.22382483949317852    0
 357    2.2856766873258465  0.1695520175945536    0
 358    2.0526375590193848  0.3680208352430982    0
 359    1.9401164942174371  0.61927334375918786    0
 360    1.9301950394907375  0.52563920434370737    0
 361    2.1671824281139962  0.92276570396033097    0
 362    1.4898787022939517  0.89834095950985993    0
 363    1.625  1    1
 364    1.9029069088928052  0.92578912187329743    0
 365    1.59375  0.042654328662895175    0
 366    2.1858668860890331  0.15138856161320255    0
 367    2.625  0    1
 368    1.9585479473775498  0.35201780819031547    0
 369    2.2820077555864033  0.40129395741602525    0
 370    2.0128282353364657  0.46009606908182799    0
 371    2.1553662236133992  0.46707976509155785    0
 372    2.455126553451962  0.80223082045331107    0
 373    2.272306203438502  0.53740698765552319    0
 374    2.389261358733509  0.18542043714698331    0
 375    2.1913310502596475  0.65635635454426144    0
 376    2.5267042267992426  0.48713712843975465    0
 377    3  0.75    1
 378    2.0973936077570317  0.61729392962141083    0
 379    2.4375  0    1
 380    2.464290309188808  0.25969555126054134    0
 381    2.1565539357786183  0.76073601012208736    0
 382    2.3622175494622546  0.28666382344863434    0
 383    2.4085291107864149  0.55793881058384365    0
 384    2.5662893766099888  0.28694121565352737    0
 385    2.3008660913245165  0.64388594828734624    0
 386    2.5523410960071509  0.13461032300137585    0
 387    2.4880026290146726  0.37547299890773389    0
 388    2.5486558357605054  0.6578004755423521    0
 389    2.4197412156234424  0.68239027536346508    0
 390    2.384950647387305  0.38794832884339298    0
 391    2.5004040679792396  0.5772634306205856    0
 392    2.4347451273847516  0.46767206658714244    0
 393    2.3412384299977655  0.47391792307671454    0
 394    2.0662842784772937  0.92392001925179568    0
 395    2.1731739202609335  0.34432137592619616    0
 396    2.2255001677554036  0.25441000289598642    0
 397    2.3351544804439475  0.91983150740504904    0
 398    2.2367402211906433  0.83683955420287282    0
 399    2.34375  0.068802878745818197    0
 400    2.9180516430489796  0.46875    0
 401    2.453046383757445  0.10302957556631566    0
 402    2.53125  0.03631114862274596    0
 403    2.4653342564294629  0.93264034118880834    0
 404    3  1.125    1
 405    2.3649926933553784  0.83027541762503121    0
 406    2.3963314267652387  1.0622421664064501    0
 407    3  0.375    1
 408    2.6494969668969346  0.10013756864494708    0
 409    2.8125  0    1
 410    2.9522738958812154  0.65625    0
 411    2.8745061250694022  0.58540497662278346    0
 412    2.6595293364292081  0.55679590945583446    0
 413    2.6087857554044573  0.79923774644472245    0
 414    2  1.5    1
 415    2.7367069651205878  1.1127775410049825    0
 416    3  0.5625    1
 417    2.8139616846981741  0.69768908653741701    0
 418    2.5309451331279291  0.74883021234610625    0
 419    2.6766112281541474  0.68690247199242838    0
 420    2.7102830373084634  0.78387611404153057    0
 421    2.749563912750943  0.61114976600152482    0
 422    2.5486369408524601  1.0334942110523961    0
 423    2.2526165233534128  1.0041952793603643    0
 424    2  1.25    1
 425    2.1254786386261793  1.0520529520005084    0
 426    2.2553688489168571  1.2043120757610897    0
 427    2  1.125    1
 428    2.2178914307185731  1.1047501996415445    0
 429    2.1223850559236697  1.1975356586391728    0
 430    2.1789160358242627  1.3964018678593102    0
 431    2.0988811181400044  1.3116850717169821    0
 432    2.2020738456066273  1.2943595859034489    0
 433    2.4653824464975207  1.4077645980418021    0
 434    2.3232037442691462  1.3754980975461315    0
 435    2.0716984392511151  1.4175297881639852    0
 436    2  1.75    1
 437    2.4297903872535449  1.2352165270604418    0
 438    2.2666266756477023  1.4933992987146143    0
 439    2.408375521307756  1.3295787232017757    0
 440    2.1711737966793514  1.9622844918525191    0
 441    2.3023140515026688  1.6720808352661136    0
 442    2.2501224694550408  1.5896002397365219    0
 443    2.7821538279567508  0.4554201991728537    0
 444    2.5331442357595377  0.86172830788766774    0
 445    2.1433563628556715  1.5217672777492497    0
 446    2.1509211595197013  1.7101252939103984    0
 447    2.0551645589048828  1.6196401351959719    0
 448    2.353111114902414  1.1603256186769042    0
 449    2.4887581478931802  1.134086997530775    0
 450    2.8055904042790303  0.9493773649282734    0
 451    2.6088646117145222  1.2718766079795674    0
 452    2.5255234487566218  1.223281091204335    0
 453    2.6477807831390678  0.41773340017309513    0
 454    2.7646135322001402  0.25956217343709331    0
 455    2.8694231043101746  0.34355184849002629    0
 456    2.7362143796797538  0.36081992670052382    0
 457    2.9535033228921681  0.28125    0
 458    3  0.1875    1
 459    2.795371816415491  0.13103839121389116    0
 460    2.6285282037579862  0.9397066421610748    0
 461    2.6209587154148837  1.1553725785971549    0
 462    2.6552218622697472  1.0433659137318212    0
 463    2.8315131440978272  0.82425621274475958    0
 464    2.8995355904240028  0.75032280628223991    0
 465    2.2562544309000234  1.8090388918991929    0
 466    2.3349106468082961  1.7592672781059853    0
 467    2.5268239820787679  1.6378294960496065    0
 468    2.4435800146121149  1.7186388123831065    0
 469    2.50466280444018  1.9822683742304781    0
 470    2.1292355575831263  1.8387599267205106    0
 471    2.7689526939388975  1.6531238697795743    0
 472    2.0735572445295634  1.9265450360102976    0
 473    3  2.25    1
 474    2.7201255902253694  0.88840107217026909    0
 475    2.3215208151061795  1.8721806502329204    0
 476    1.25  2    10
 477    2.5902967441808014  1.7864952310348978    0
 478    3  1.875    1
 479    2.13463695744985  2.2037584920710414    0
 480    2.6556148550295409  1.6707249961764872    0
 481    2.63422331986951  1.4859104491550725    0
 482    2.7907638131418673  1.5478712095115408    0
 483    2.6863796805669207  1.5735188269634641    0
 484    2.8080147544724494  1.4417757221541934    0
 485    2.4713711677342691  1.8510908224558014    0
 486    2.4070836265790896  1.9372197286145285    0
 487    2.3618219786180532  2.1634669879773352    0
 488    2.4115447711506808  2.0557632124264549    0
 489    2.611544148609096  2.213424883502936    0
 490    2.2727036402551271  2.0569949328130894    0
 491    2.4926652697111025  2.1585429650026517    0
 492    2.2458203928227554  2.1700290872129515    0
 493    2.3214985549148066  2.4792399377647993    0
 494    2.1534139522476621  2.0830984432264414    0
 495    2.0310462404615994  2.1258467565428498    0
 496    2.2705175877339525  1.9575630358047031    0
 497    2.60220930582215  2.0774531286540587    0
 498    2.25  3    1
 499    1.8942537506234987  2.2880953670214152    0
 500    1.081135261022778  2.2351039018982783    0
 501    1.023433470643258  2.1234650154371471    0
 502    1.1809408097388447  2.2791198256285523    0
 503    2.6140056715000703  1.9677882672233973    0
 504    2.8582671319722008  2.2342628835976073    0
 505    2.9542472643251312  1.59375    0
 506    1.551970592378944  2.3787657153299624    0
 507    2.0085742292070639  2.2635478265404592    0
 508    1.75  2    10
 509    1.5296211048180108  2.4990730109405521    0
 510    0.88400514297283517  2.1332515289808436    0
 511    0.81437008112108633  2.0641985742005526    0
 512    2.5651546049397211  1.8819800473212573    0
 513    2.7028894653912792  2.1462794202445168    0
 514    3  2.625    1
 515    2.7186880124010151  2.2634781551482983    0
 516    1.7510977521283606  2.2017266851479604    0
 517    2.6811060630556871  2.3644891772139678    0
 518    2.7628357056341883  2.5898791544494468    0
 519    2.7697784190413666  1.8405738190088772    0
 520    2.8921729685543776  1.5099099312601703    0
 521    2.7255023622970644  1.7470420636544528    0
 522    2.8092206412387148  2.3546583771716239    0
 523    1.3712656245159793  2.3583570072316959    0
 524    1.372271469472035  2.4685497782745038    0
 525    1.3217424842429739  2.5746635951602492    0
 526    2.3123553768583092  2.3176113010008454    0
 527    3  2.0625    1
 528    1.8026563031933676  2.3607704053187835    0
 529    1.9219453015842518  2.4170578331801096    0
 530    1.9441504832389118  2.182350061491829    0
 531    1.5962091460748449  2.2646767354139996    0
 532    1.472864319436255  2.2854086451505333    0
 533    2.9386692951729816  2.15625    0
 534    2.8265021660368839  2.0159348211666188    0
 535    2.8318785927172589  2.1266273985358426    0
 536    2.0039284447894756  2.5203869379983366    0
 537    1.6767211508935302  2.3615170011623592    0
 538    2.4849260954866512  2.331498485289496    0
 539    2.1435861229846238  2.3854203938692748    0
 540    1.7614331628462223  2.6285990008981623    0
 541    1.6392024906275235  2.5751551902624428    0
 542    1.625  2    10
 543    1.6885315852994061  2.2698093661384897    0
 544    2.4303068950585431  2.2424035498387993    0
 545    2.5241199109861192  2.2466013648237193    0
 546    2.1013879910198097  2.2964478088849987    0
 547    2.2092974545986475  2.2828483615984716    0
 548    2.0303924612924193  2.3846129481106    0
 549    1.7404424523135944  2.4882814411542999    0
 550    1.868808285576038  2.5434056753687986    0
 551    1.6334445148888777  2.4626688487836841    0
 552    1.8529334293111293  2.6336603421570386    0
 553    1.451140217312515  2.1393488850583418    0
 554    1.125  2    10
 555    1.2573712355841344  2.2082932616104718    0
 556    1.7545281775989072  2.7297895082323032    0
 557    1.8027067357339834  2.81904209436756    0
 558    1.375  2    10
 559    1.1068904746489281  2.0886110392024175    0
 560    1.4947655723654871  2.6662318216604701    0
 561    1.3944045129180682  2.7008422219127111    0
 562    1.6661437276860407  2.6800362509579658    0
 563    1.6875  3    1
 564    1.875  3    1
 565    1.3125  2.1020652640647182    0
 566    1.5476599925466163  2.5900478332850074    0
 567    1.4358875494530261  2.5649347385347077    0
 568    1.9157300023098645  2.7004024305129053    0
 569    3  2.4375    1
 570    2.7533159425934328  2.4658179975633847    0
 571    2.8774562894385132  2.4586133167160362    0
 572    2.5463344090241784  2.5440964343060029    0
 573    2.953061702620388  2.53125    0
 574    2.8784898692204997  2.6272116855756296    0
 575    2.6373780471196464  2.4720448853897308    0
 576    3  2.8125    1
 577    2.532407226602901  2.4329514784244224    0
 578    2.6252677932717998  2.8399002239615134    0
 579    2.9409312116709203  2.71875    0
 580    2.4368883611522327  2.5013656715612078    0
 581    2.7688467346608441  2.7690687507987213    0
 582    2.6576251000896325  2.6831041312286059    0
 583    2.7981169379320363  2.678391243134183    0
 584    2.3968324849202336  2.3983120072773332    0
 585    2.445699447025024  2.6403250261834468    0
 586    2.625  3    1
 587    2.6469064594042409  2.5776315980078013    0
 588    2.5535474319637368  2.6523755935639417    0
 589    2.6797526985169369  2.7694072670784893    0
 590    2.2483764902179733  2.4023034545081092    0
 591    2.1709726872275654  2.5490862916321464    0
 592    1.6875  2.101206440651656    0
 593    1.5669734428469002  2.1057359251827639    0
 594    2.0116567675507517  2.7708902780512972    0
 595    1.5338847530042459  2.7793315665861158    0
 596    1.5173956580907793  2.8897353869714606    0
 597    2.71875  2.9325944321974018    0
 598    2.2643503710664872  2.5532022099411371    0
 599    2.4845511534800298  2.7812415248465858    0
 600    2.5803199483567498  2.7496135618695479    0
 601    2.3756479084887281  2.8749271363824889    0
 602    2.2688688842092906  2.7851098640361598    0
 603    2.3758530778065898  2.7353962783497425    0
 604    2.4375  3    1
 605    2.2695149262754186  2.6465277690990754    0
 606    2.34375  3    1
 607    2.2689528034450377  2.8933907119257452    0
 608    2.1644486969488335  2.8831070235893441    0
 609    2.3651571578842048  2.5756730008911912    0
 610    2.0973209224883256  2.4772863237111054    0
 611    2.0655525519608191  2.6621937420443227    0
 612    2.1673022325202913  2.6513466666589056    0
 613    2.1299818130950516  2.783915812094675    0
 614    2.0594728077088305  2.8804754463738869    0
 615    2.0625  3    1
 616    1.8687086067971639  2.8975937833808492    0
 617    1.6627127424797183  2.8369811817821535    0
 618    1.7619806483380185  2.9202659570805785    0
 619    1.59375  2.9582857652058201    0
 620    1.6209411440685457  2.7575580417279886    0
 621    1.8948086081351634  2.7936276609562212    0
 622    2.90625  2.9456346769232455    0
 623    2.820928152192403  2.8788152700122502    0
 624    2.860781533478955  2.7640612699442317    0
 625    2.8125  3    1
 626    2.5165609027588065  2.9025654477491583    0
 627    1.9688947474275535  2.9425701238858699    0
 628    2.15625  3    1
 629    1.9743767592271961  2.6175222373942515    0
 630    2.0812032005194014  2.5710993304596217    0
 631    0.34981370182419852  0.44697536799257609    0
 632    0.13871023424788773  0.17200737087567844    0
 633    0.059749313997462972  0.093749999999999986    0
 634    0.20603205785868028  0.098179880982484563    0
 635    0.86343436037540777  2.2768805760680091    0
 636    0.77059264111931602  2.3086163245972409    0
 637    1.3875461739315558  0.80945181649613218    0
 638    1.375  1    1
 639    1.159940254363437  0.66357751249404162    0
 640    1.125  1    1
 641    1.4810473251438629  0.80515887202581138    0
 642    1.3125  0.90019771440745067    0
 643    1.2885281428324724  0.80396890993037362    0
 644    1.0625  0.91294603871601521    0
 645    1.1866437458323991  0.88978037230447204    0
 646    2.6574972804702881  0.21563445517800778    0
 647    2.90625  0.078892791934448855    0
 648    2.888974608093823  0.19084069272323173    0
 649    3  0.9375    1
 650    2.9354305402626375  0.85160669883830997    0
 651    2.4000306883715536  1.5596596479133691    0
 652    2.3786719605298385  1.4604641200712805    0
 653    2.3884625021370627  1.6482828712085871    0
 654    2.5130383822117137  1.518274311367378    0
 655    2.5789120970820876  1.3839445481200192    0
 656    2.7072582043827715  1.3582110554769762    0
 657    2.7273013625020264  1.2361324809020742    0
 658    3  1.3125    1
 659    2.8484981092378865  1.0636850945679928    0
 660    2.904865140981487  0.97731959593821138    0
 661    2.9370149239150276  1.40625    0
 662    2.8602067303012202  1.2866141485500819    0
 663    2.831303824110702  1.1763601738302238    0
 664    2.9332692537717864  1.2085455097760596    0
 665    3  1.6875    1
 666    2.8978051411928045  1.9264526814476324    0
 667    1.875  2.0614431771366664    0
 668    1.7870363878807378  2.1086099870141446    0
 669    2.7114698920074383  2.030630152574322    0
 670    2.7098393519870889  1.9261573305379955    0
 671    2.9273330875470158  2.34375    0
 672    2.8819851982654709  1.6870553319318906    0
 673    2.9406385206983656  1.78125    0
 674    2.8645140190421872  1.8377130680292983    0
 675    2.8186977714829231  1.7560580401108081    0
